  EFIT     03/20/2023    #193754  1850ms  EFIT01   0  65  65
 0.170000005E+01 0.320000005E+01 0.169550002E+01 0.839999974E+00 0.000000000E+00
 0.181958801E+01-0.159261012E-01-0.252716243E+00 0.465254251E-02-0.201747572E+01
 0.984941562E+06-0.252716243E+00 0.000000000E+00 0.181958801E+01 0.000000000E+00
-0.159261012E-01 0.000000000E+00 0.465254251E-02 0.000000000E+00 0.000000000E+00
-0.348479164E+01-0.348304665E+01-0.348131752E+01-0.347960472E+01-0.347790861E+01
-0.347622955E+01-0.347456777E+01-0.347292387E+01-0.347129798E+01-0.346969056E+01
-0.346810210E+01-0.346653295E+01-0.346498322E+01-0.346345353E+01-0.346194422E+01
-0.346045554E+01-0.345898807E+01-0.345754194E+01-0.345611763E+01-0.345471561E+01
-0.345333612E+01-0.345197952E+01-0.345064640E+01-0.344933689E+01-0.344805145E+01
-0.344679046E+01-0.344555414E+01-0.344434321E+01-0.344315779E+01-0.344199824E+01
-0.344086492E+01-0.343975842E+01-0.343867898E+01-0.343762684E+01-0.343660259E+01
-0.343560648E+01-0.343463886E+01-0.343370020E+01-0.343279088E+01-0.343191123E+01
-0.343106151E+01-0.343024206E+01-0.342945361E+01-0.342869627E+01-0.342797029E+01
-0.342727637E+01-0.342661440E+01-0.342598522E+01-0.342538917E+01-0.342482615E+01
-0.342429709E+01-0.342380190E+01-0.342334127E+01-0.342291534E+01-0.342252469E+01
-0.342216957E+01-0.342185020E+01-0.342156708E+01-0.342132056E+01-0.342111099E+01
-0.342093897E+01-0.342080438E+01-0.342070782E+01-0.342064965E+01-0.342063022E+01
 0.740670742E+05 0.717615117E+05 0.694926875E+05 0.672605820E+05 0.650651836E+05
 0.629064805E+05 0.607844590E+05 0.586991035E+05 0.566504023E+05 0.546383418E+05
 0.526629082E+05 0.507240859E+05 0.488218594E+05 0.469562207E+05 0.451271543E+05
 0.433346465E+05 0.415786797E+05 0.398592461E+05 0.381763262E+05 0.365299121E+05
 0.349199863E+05 0.333465352E+05 0.318095459E+05 0.303090068E+05 0.288449014E+05
 0.274172168E+05 0.260259404E+05 0.246710557E+05 0.233525527E+05 0.220704150E+05
 0.208246309E+05 0.196151836E+05 0.184420635E+05 0.173052539E+05 0.162047422E+05
 0.151405146E+05 0.141125571E+05 0.131208569E+05 0.121653994E+05 0.112461714E+05
 0.103631592E+05 0.951634863E+04 0.870572705E+04 0.793127979E+04 0.719299365E+04
 0.649085449E+04 0.582484912E+04 0.519496362E+04 0.460118433E+04 0.404349768E+04
 0.352188989E+04 0.303634729E+04 0.258685608E+04 0.217340283E+04 0.179597369E+04
 0.145455499E+04 0.114913306E+04 0.879694275E+03 0.646224884E+03 0.448711212E+03
 0.287139603E+03 0.161496361E+03 0.717677956E+02 0.179402390E+02 0.000000000E+00
-0.151893866E+01-0.150454992E+01-0.148986495E+01-0.147488338E+01-0.145960546E+01
-0.144403112E+01-0.142816031E+01-0.141199297E+01-0.139552927E+01-0.137876898E+01
-0.136171222E+01-0.134435898E+01-0.132670915E+01-0.130876285E+01-0.129051995E+01
-0.127198046E+01-0.125314450E+01-0.123401183E+01-0.121458262E+01-0.119485682E+01
-0.117483437E+01-0.115451527E+01-0.113389951E+01-0.111298710E+01-0.109177798E+01
-0.107027227E+01-0.104846972E+01-0.102637058E+01-0.100397465E+01-0.981282026E+00
-0.958292633E+00-0.935006499E+00-0.911423564E+00-0.887543857E+00-0.863367319E+00
-0.838894010E+00-0.814123869E+00-0.789056897E+00-0.763693064E+00-0.738032371E+00
-0.712074846E+00-0.685820371E+00-0.659269035E+00-0.632420808E+00-0.605275631E+00
-0.577833533E+00-0.550094515E+00-0.522058487E+00-0.493725523E+00-0.465095565E+00
-0.436168611E+00-0.406944647E+00-0.377423689E+00-0.347605675E+00-0.317490622E+00
-0.287078515E+00-0.256369337E+00-0.225363083E+00-0.194059730E+00-0.162459284E+00
-0.130561709E+00-0.983670093E-01-0.658751652E-01-0.330861658E-01 0.000000000E+00
-0.577894406E+06-0.568757625E+06-0.559624250E+06-0.550494281E+06-0.541367719E+06
-0.532244531E+06-0.523124766E+06-0.514008406E+06-0.504895438E+06-0.495785875E+06
-0.486679719E+06-0.477576953E+06-0.468477609E+06-0.459381656E+06-0.450289109E+06
-0.441199969E+06-0.432114234E+06-0.423031891E+06-0.413952953E+06-0.404877422E+06
-0.395805297E+06-0.386736562E+06-0.377671234E+06-0.368609312E+06-0.359550797E+06
-0.350495656E+06-0.341443953E+06-0.332395641E+06-0.323350719E+06-0.314309219E+06
-0.305271109E+06-0.296236391E+06-0.287205109E+06-0.278177203E+06-0.269152703E+06
-0.260131609E+06-0.251113930E+06-0.242099633E+06-0.233088750E+06-0.224081266E+06
-0.215077180E+06-0.206076508E+06-0.197079234E+06-0.188085352E+06-0.179094883E+06
-0.170107820E+06-0.161124148E+06-0.152143891E+06-0.143167023E+06-0.134193563E+06
-0.125223512E+06-0.116256859E+06-0.107293609E+06-0.983337578E+05-0.893773125E+05
-0.804242695E+05-0.714746328E+05-0.625283926E+05-0.535855586E+05-0.446461270E+05
-0.357100957E+05-0.267774678E+05-0.178482432E+05-0.892241992E+04 0.000000000E+00
 3.326001912e-01 3.327558041e-01 3.326780796e-01 3.322710991e-01 3.315648734e-01
 3.306887448e-01 3.298195451e-01 3.291418701e-01 3.288533986e-01 3.291841149e-01
 3.304262012e-01 3.331174552e-01 3.361469656e-01 3.372432440e-01 3.368530273e-01
 3.351518661e-01 3.321662694e-01 3.278345466e-01 3.219795078e-01 3.142330200e-01
 3.038896024e-01 2.932441383e-01 2.840580344e-01 2.757759541e-01 2.681141943e-01
 2.609259784e-01 2.541328967e-01 2.476926595e-01 2.415832654e-01 2.357908413e-01
 2.301416695e-01 2.245405242e-01 2.189348489e-01 2.132370546e-01 2.073603645e-01
 2.012192458e-01 1.948185265e-01 1.882803440e-01 1.815991923e-01 1.748077646e-01
 1.679655835e-01 1.611430645e-01 1.544062272e-01 1.478080228e-01 1.413869560e-01
 1.351701394e-01 1.291773170e-01 1.234241910e-01 1.179247983e-01 1.126928069e-01
 1.077421866e-01 1.030873507e-01 9.874292834e-02 9.472334012e-02 9.104219823e-02
 8.771159500e-02 8.474143968e-02 8.213872835e-02 7.990696283e-02 7.804566996e-02
 7.655009628e-02 7.541107012e-02 7.461513205e-02 7.414482533e-02 7.397922128e-02
 3.326788694e-01 3.321394771e-01 3.314776570e-01 3.306540102e-01 3.296800256e-01
 3.286136389e-01 3.275531381e-01 3.266197741e-01 3.259358704e-01 3.256298303e-01
 3.258054852e-01 3.265109956e-01 3.271406740e-01 3.268369436e-01 3.254919946e-01
 3.231045902e-01 3.196553141e-01 3.150898069e-01 3.093173057e-01 3.022261262e-01
 2.938172221e-01 2.850110084e-01 2.766498923e-01 2.687641233e-01 2.612887472e-01
 2.541642189e-01 2.473466918e-01 2.408061922e-01 2.345237359e-01 2.284855470e-01
 2.225285620e-01 2.165692672e-01 2.105774507e-01 2.045046017e-01 1.983005330e-01
 1.919119731e-01 1.853698716e-01 1.787959784e-01 1.721765623e-01 1.655194983e-01
 1.588487402e-01 1.521974355e-01 1.456019208e-01 1.390973702e-01 1.327157170e-01
 1.264852509e-01 1.204314791e-01 1.145781837e-01 1.089485958e-01 1.035661250e-01
 9.845478831e-02 9.363920987e-02 8.914429321e-02 8.499455451e-02 8.121332526e-02
 7.782172038e-02 7.483761387e-02 7.227461784e-02 7.014113291e-02 6.843961775e-02
 6.716606766e-02 6.630983948e-02 6.585380064e-02 6.577488781e-02 6.604497506e-02
 3.328869790e-01 3.319575488e-01 3.308457434e-01 3.295405358e-01 3.280635625e-01
 3.264835030e-01 3.248665780e-01 3.232774585e-01 3.217717409e-01 3.203652054e-01
 3.190358728e-01 3.176892847e-01 3.161415160e-01 3.141796142e-01 3.116418421e-01
 3.084294647e-01 3.044842779e-01 2.997742295e-01 2.942969054e-01 2.881027609e-01
 2.813320607e-01 2.742170393e-01 2.669952065e-01 2.598241568e-01 2.527817935e-01
 2.458991408e-01 2.391838431e-01 2.326320037e-01 2.262320668e-01 2.199585885e-01
 2.137473598e-01 2.075456604e-01 2.013221532e-01 1.950481385e-01 1.886971965e-01
 1.822510660e-01 1.757272482e-01 1.691638753e-01 1.625707596e-01 1.559567377e-01
 1.493360549e-01 1.427277625e-01 1.361542195e-01 1.296395734e-01 1.232088618e-01
 1.168876961e-01 1.107024662e-01 1.046808325e-01 9.885231778e-02 9.324866907e-02
 8.790398017e-02 8.285440505e-02 7.813740150e-02 7.379069550e-02 6.985081734e-02
 6.635158881e-02 6.332242490e-02 6.078673154e-02 5.876037478e-02 5.725036561e-02
 5.625395104e-02 5.575816891e-02 5.574006215e-02 5.616756716e-02 5.700106732e-02
 3.335320800e-01 3.323536962e-01 3.308143020e-01 3.289308548e-01 3.267745525e-01
 3.244532794e-01 3.220435530e-01 3.195872754e-01 3.171078116e-01 3.146092147e-01
 3.120656610e-01 3.094200641e-01 3.065899014e-01 3.034821749e-01 3.000111133e-01
 2.961098403e-01 2.917349339e-01 2.868682891e-01 2.815198451e-01 2.757314592e-01
 2.695773840e-01 2.631556094e-01 2.565693408e-01 2.499080747e-01 2.432381958e-01
 2.366029024e-01 2.300265357e-01 2.235189006e-01 2.170780078e-01 2.106914818e-01
 2.043390647e-01 1.979978830e-01 1.916466877e-01 1.852675453e-01 1.788470596e-01
 1.723782867e-01 1.658619270e-01 1.593037918e-01 1.527111977e-01 1.460921466e-01
 1.394562349e-01 1.328152567e-01 1.261833906e-01 1.195771806e-01 1.130156368e-01
 1.065205596e-01 1.001171470e-01 9.383471683e-02 8.770750090e-02 8.177518100e-02
 7.608301193e-02 7.068130002e-02 6.562412159e-02 6.096739507e-02 5.676649884e-02
 5.307371357e-02 4.993568360e-02 4.739086515e-02 4.546701349e-02 4.417884909e-02
 4.352615400e-02 4.349265061e-02 4.404598290e-02 4.513911346e-02 4.671316779e-02
 3.352350294e-01 3.339939117e-01 3.318884820e-01 3.291000873e-01 3.259317577e-01
 3.225929141e-01 3.191748411e-01 3.157220334e-01 3.122493327e-01 3.087506741e-01
 3.052027375e-01 3.015678972e-01 2.977986336e-01 2.938434332e-01 2.896534950e-01
 2.851885259e-01 2.804210037e-01 2.753389925e-01 2.699476033e-01 2.642690986e-01
 2.583410144e-01 2.522114813e-01 2.459330037e-01 2.395555899e-01 2.331220359e-01
 2.266653776e-01 2.202084512e-01 2.137646452e-01 2.073390931e-01 2.009301111e-01
 1.945310086e-01 1.881320849e-01 1.817225889e-01 1.752922610e-01 1.688324809e-01
 1.623370349e-01 1.558023393e-01 1.492270976e-01 1.426117644e-01 1.359581053e-01
 1.292692199e-01 1.225497499e-01 1.158061810e-01 1.090473644e-01 1.022851728e-01
 9.553551675e-02 8.881963044e-02 8.216568082e-02 7.561050354e-02 6.920120121e-02
 6.299608015e-02 5.706434882e-02 5.148400365e-02 4.633800685e-02 4.170966145e-02
 3.767849875e-02 3.431700915e-02 3.168739007e-02 2.983748166e-02 2.879629003e-02
 2.856998892e-02 2.913886774e-02 3.045580167e-02 3.244771992e-02 3.502117655e-02
 3.396021128e-01 3.392216414e-01 3.351176679e-01 3.300765008e-01 3.252874017e-01
 3.206288367e-01 3.160682172e-01 3.115826547e-01 3.071492612e-01 3.027419895e-01
 2.983307689e-01 2.938818931e-01 2.893594503e-01 2.847277224e-01 2.799538076e-01
 2.750104517e-01 2.698782384e-01 2.645470649e-01 2.590169460e-01 2.532976717e-01
 2.474075109e-01 2.413710058e-01 2.352161109e-01 2.289711312e-01 2.226622104e-01
 2.163114697e-01 2.099360898e-01 2.035479620e-01 1.971539259e-01 1.907563731e-01
 1.843540966e-01 1.779431850e-01 1.715180576e-01 1.650722474e-01 1.585990936e-01
 1.520922109e-01 1.455457062e-01 1.389541850e-01 1.323126927e-01 1.256166324e-01
 1.188617945e-01 1.120445766e-01 1.051622890e-01 9.821383656e-02 9.120069070e-02
 8.412837610e-02 7.700857893e-02 6.986205281e-02 6.272233091e-02 5.564009211e-02
 4.868743755e-02 4.196021521e-02 3.557552397e-02 2.966205307e-02 2.434622774e-02
 1.974409536e-02 1.596350411e-02 1.310525743e-02 1.125409550e-02 1.046687594e-02
 1.076633998e-02 1.213614127e-02 1.451058689e-02 1.776853671e-02 2.174593510e-02
 3.419618607e-01 3.419450969e-01 3.367453367e-01 3.299891353e-01 3.237510025e-01
 3.178807944e-01 3.122700006e-01 3.068466335e-01 3.015576601e-01 2.963596732e-01
 2.912142724e-01 2.860859782e-01 2.809418589e-01 2.757517397e-01 2.704891711e-01
 2.651323676e-01 2.596651465e-01 2.540775090e-01 2.483658865e-01 2.425328717e-01
 2.365864068e-01 2.305386215e-01 2.244043276e-01 2.181994841e-01 2.119397148e-01
 2.056391612e-01 1.993096247e-01 1.929601208e-01 1.865966618e-01 1.802224144e-01
 1.738378853e-01 1.674413309e-01 1.610291451e-01 1.545962542e-01 1.481363922e-01
 1.416422948e-01 1.351058558e-01 1.285180524e-01 1.218689270e-01 1.151474975e-01
 1.083417162e-01 1.014385037e-01 9.442396091e-02 8.728380129e-02 8.000418545e-02
 7.257319240e-02 6.498314811e-02 5.723447912e-02 4.934169351e-02 4.134253600e-02
 3.331127018e-02 2.537532712e-02 1.772777735e-02 1.061039233e-02 4.235425382e-03
-1.279448261e-03-5.815713448e-03-9.181971196e-03-1.119884799e-02-1.177098464e-02
-1.086289297e-02-8.434989461e-03-4.517180147e-03 6.604921331e-04 6.738694632e-03
 3.409314454e-01 3.408464492e-01 3.349726051e-01 3.274641335e-01 3.204032332e-01
 3.137100637e-01 3.073156774e-01 3.011581004e-01 2.951837033e-01 2.893462181e-01
 2.836051882e-01 2.779250145e-01 2.722742111e-01 2.666253001e-01 2.609548122e-01
 2.552434951e-01 2.494766042e-01 2.436439469e-01 2.377398685e-01 2.317630127e-01
 2.257157341e-01 2.196034491e-01 2.134337723e-01 2.072155699e-01 2.009581328e-01
 1.946703643e-01 1.883601323e-01 1.820338294e-01 1.756960824e-01 1.693495885e-01
 1.629950777e-01 1.566313431e-01 1.502553225e-01 1.438621357e-01 1.374451518e-01
 1.309958994e-01 1.245040782e-01 1.179572903e-01 1.113409139e-01 1.046377644e-01
 9.782785548e-02 9.088804573e-02 8.379178120e-02 7.650893181e-02 6.900572776e-02
 6.124513595e-02 5.318785088e-02 4.479454086e-02 3.603050114e-02 2.687516346e-02
 1.734161285e-02 7.518381113e-03-2.337062659e-03-1.159381914e-02-1.913489493e-02
-2.579956126e-02-3.194843791e-02-3.651096487e-02-3.893467598e-02-3.918526697e-02
-3.781318849e-02-3.458409759e-02-2.799510211e-02-1.937038917e-02-9.856719960e-03
 3.370681405e-01 3.367035836e-01 3.305729628e-01 3.226343244e-01 3.150780350e-01
 3.078649938e-01 3.009479791e-01 2.942778170e-01 2.878076583e-01 2.814950496e-01
 2.753022462e-01 2.691961825e-01 2.631480097e-01 2.571329773e-01 2.511301636e-01
 2.451223880e-01 2.390962168e-01 2.330417931e-01 2.269527391e-01 2.208258584e-01
 2.146608159e-01 2.084596082e-01 2.022260800e-01 1.959652901e-01 1.896829829e-01
 1.833849996e-01 1.770768166e-01 1.707630977e-01 1.644474342e-01 1.581320390e-01
 1.518175826e-01 1.455030069e-01 1.391854286e-01 1.328599602e-01 1.265195906e-01
 1.201549098e-01 1.137538850e-01 1.073014848e-01 1.007792801e-01 9.416490419e-02
 8.743141590e-02 8.054655047e-02 7.347178460e-02 6.616123395e-02 5.856027453e-02
 5.060385355e-02 4.221437499e-02 3.329905867e-02 2.374659292e-02 1.342291011e-02
 2.165720303e-03-1.022337798e-02-2.399639974e-02-3.954675610e-02-5.739545636e-02
-7.281645018e-02-8.445233849e-02-9.211409837e-02-9.542027861e-02-9.375093505e-02
-8.713580665e-02-7.333601642e-02-5.730449782e-02-4.155179298e-02-2.656045184e-02
 3.309591562e-01 3.302151859e-01 3.238598555e-01 3.156397045e-01 3.077947795e-01
 3.002906591e-01 2.930743396e-01 2.860960364e-01 2.793116569e-01 2.726828605e-01
 2.661765516e-01 2.597642094e-01 2.534211874e-01 2.471265570e-01 2.408626080e-01
 2.346148193e-01 2.283716872e-01 2.221245467e-01 2.158674747e-01 2.095970437e-01
 2.033120617e-01 1.970132887e-01 1.907029673e-01 1.843845621e-01 1.780622229e-01
 1.717404723e-01 1.654237658e-01 1.591161564e-01 1.528209671e-01 1.465405002e-01
 1.402757838e-01 1.340262890e-01 1.277896836e-01 1.215615533e-01 1.153351292e-01
 1.091009006e-01 1.028462052e-01 9.655474498e-02 9.020598231e-02 8.377440273e-02
 7.722860576e-02 7.053017617e-02 6.363226844e-02 5.647769944e-02 4.899650438e-02
 4.110251182e-02 3.268853387e-02 2.361934075e-02 1.372090353e-02 2.763256532e-03
-9.568442561e-03-2.372545653e-02-4.039029031e-02-6.063651296e-02-8.606853339e-02
-1.128055602e-01-1.318962351e-01-1.435194388e-01-1.479995474e-01-1.452184245e-01
-1.337956413e-01-1.126768887e-01-8.447056267e-02-6.010051447e-02-3.905148058e-02
 3.227628470e-01 3.216368705e-01 3.147682249e-01 3.064238876e-01 2.985430360e-01
 2.909952849e-01 2.837013006e-01 2.766073346e-01 2.696744353e-01 2.628721893e-01
 2.561754137e-01 2.495626732e-01 2.430155054e-01 2.365180254e-01 2.300567776e-01
 2.236206457e-01 2.172007785e-01 2.107905522e-01 2.043854743e-01 1.979830190e-01
 1.915825233e-01 1.851848587e-01 1.787923277e-01 1.724082529e-01 1.660367176e-01
 1.596822962e-01 1.533496827e-01 1.470433995e-01 1.407674924e-01 1.345252320e-01
 1.283188090e-01 1.221489981e-01 1.160148941e-01 1.099135131e-01 1.038394198e-01
 9.778432176e-02 9.173652156e-02 8.568038046e-02 7.959561794e-02 7.345648483e-02
 6.723076107e-02 6.087853760e-02 5.435063505e-02 4.758659565e-02 4.051202164e-02
 3.303497100e-02 2.504096553e-02 1.638593433e-02 6.886011673e-03-3.697289838e-03
-1.567857529e-02-2.947856580e-02-4.566194676e-02-6.497509406e-02-8.836696668e-02
-1.167379208e-01-1.396830678e-01-1.537835225e-01-1.594792754e-01-1.569095179e-01
-1.462692469e-01-1.262065917e-01-9.635525940e-02-6.637421249e-02-4.148622228e-02
 3.110634386e-01 3.090599030e-01 3.025995046e-01 2.948545665e-01 2.874064595e-01
 2.801210135e-01 2.729638368e-01 2.659176290e-01 2.589690238e-01 2.521056086e-01
 2.453152910e-01 2.385864556e-01 2.319081724e-01 2.252705246e-01 2.186647877e-01
 2.120836973e-01 2.055215612e-01 1.989742741e-01 1.924394444e-01 1.859162524e-01
 1.794054285e-01 1.729091033e-01 1.664306223e-01 1.599743664e-01 1.535455287e-01
 1.471498460e-01 1.407933682e-01 1.344821453e-01 1.282219887e-01 1.220181212e-01
 1.158749126e-01 1.097955369e-01 1.037815958e-01 9.783276170e-02 9.194635228e-02
 8.611687273e-02 8.033546431e-02 7.458934932e-02 6.886114924e-02 6.312809512e-02
 5.736115204e-02 5.152393692e-02 4.557145015e-02 3.944853321e-02 3.308796510e-02
 2.640811076e-02 1.930995286e-02 1.167341926e-02 3.352901091e-03-5.827914705e-03
-1.608129406e-02-2.765936682e-02-4.085424914e-02-5.599246921e-02-7.343114167e-02
-9.362155947e-02-1.148027927e-01-1.271680072e-01-1.320176646e-01-1.300457046e-01
-1.209927984e-01-1.054635308e-01-8.240794021e-02-5.371660551e-02-2.962761091e-02
 2.972757965e-01 2.938827872e-01 2.883507162e-01 2.818281948e-01 2.750227898e-01
 2.681085914e-01 2.611688227e-01 2.542420775e-01 2.473456636e-01 2.404860332e-01
 2.336636707e-01 2.268758565e-01 2.201183736e-01 2.133865058e-01 2.066758200e-01
 1.999826357e-01 1.933043003e-01 1.866394132e-01 1.799879521e-01 1.733512730e-01
 1.667321101e-01 1.601345166e-01 1.535637379e-01 1.470260844e-01 1.405287385e-01
 1.340796128e-01 1.276870519e-01 1.213596612e-01 1.151060127e-01 1.089343652e-01
 1.028523631e-01 9.686670826e-02 9.098279848e-02 8.520432933e-02 7.953286915e-02
 7.396741212e-02 6.850383805e-02 6.313439833e-02 5.784709191e-02 5.262505076e-02
 4.744583742e-02 4.228071309e-02 3.709385359e-02 3.184154815e-02 2.647146212e-02
 2.092195582e-02 1.512168955e-02 8.989726659e-03 2.436629075e-03-4.632540513e-03
-1.231175102e-02-2.068125644e-02-2.978351154e-02-3.957773745e-02-4.984971508e-02
-6.001648495e-02-6.878539920e-02-7.441199945e-02-7.588050516e-02-7.291482760e-02
-6.555735321e-02-5.407863666e-02-3.912045622e-02-2.204435130e-02-4.753846646e-03
 2.851793170e-01 2.812143863e-01 2.753699124e-01 2.688750327e-01 2.622206956e-01
 2.554626316e-01 2.486486286e-01 2.418111190e-01 2.349694744e-01 2.281339094e-01
 2.213086710e-01 2.144945637e-01 2.076905295e-01 2.008948400e-01 1.941058338e-01
 1.873224676e-01 1.805446520e-01 1.737734452e-01 1.670112163e-01 1.602617130e-01
 1.535300314e-01 1.468226388e-01 1.401472539e-01 1.335127801e-01 1.269291937e-01
 1.204073206e-01 1.139587239e-01 1.075954586e-01 1.013298444e-01 9.517421945e-02
 8.914062381e-02 8.324049414e-02 7.748430596e-02 7.188118620e-02 6.643848865e-02
 6.116133185e-02 5.605212598e-02 5.111004783e-02 4.633053952e-02 4.170482977e-02
 3.721947037e-02 3.285587020e-02 2.858992293e-02 2.439184302e-02 2.022631838e-02
 1.605315042e-02 1.182859623e-02 7.507762857e-03 3.048548468e-03-1.582128767e-03
-6.398749763e-03-1.138284197e-02-1.646188740e-02-2.147971094e-02-2.615978754e-02
-3.007536473e-02-3.266688998e-02-3.335055707e-02-3.167382443e-02-2.740690205e-02
-2.055397817e-02-1.134407707e-02-2.264946670e-04 1.216371729e-02 2.512285857e-02
 2.730805278e-01 2.686106115e-01 2.625030577e-01 2.558244616e-01 2.490953431e-01
 2.423327267e-01 2.355494127e-01 2.287543193e-01 2.219522074e-01 2.151447087e-01
 2.083313390e-01 2.015106305e-01 1.946808845e-01 1.878407896e-01 1.809898317e-01
 1.741285771e-01 1.672588363e-01 1.603838503e-01 1.535082906e-01 1.466383487e-01
 1.397817433e-01 1.329476684e-01 1.261467785e-01 1.193911023e-01 1.126939617e-01
 1.060698368e-01 9.953423216e-02 9.310350566e-02 8.679465206e-02 8.062507213e-02
 7.461231200e-02 6.877374278e-02 6.312621383e-02 5.768569185e-02 5.246680604e-02
 4.748242720e-02 4.274313897e-02 3.825667872e-02 3.402747028e-02 3.005632198e-02
 2.634023594e-02 2.287193853e-02 1.963953115e-02 1.662655174e-02 1.381255545e-02
 1.117431792e-02 8.687835179e-03 6.331369033e-03 4.089831709e-03 1.960720459e-03
-3.806268069e-05-1.859425036e-03-3.417531960e-03-4.578793181e-03-5.156992942e-03
-4.918774823e-03-3.606021986e-03-9.756725049e-04 3.153577913e-03 8.863465846e-03
 1.611610968e-02 2.475149931e-02 3.450098819e-02 4.501795956e-02 5.592408963e-02
 2.606178373e-01 2.556603551e-01 2.491684183e-01 2.422599793e-01 2.354131192e-01
 2.286140099e-01 2.218463272e-01 2.150939554e-01 2.083426863e-01 2.015808299e-01
 1.947993487e-01 1.879916713e-01 1.811535135e-01 1.742827073e-01 1.673790365e-01
 1.604441628e-01 1.534815505e-01 1.464964300e-01 1.394957900e-01 1.324883774e-01
 1.254846714e-01 1.184968725e-01 1.115388796e-01 1.046262495e-01 9.777614848e-02
 9.100725500e-02 8.433967458e-02 7.779479773e-02 7.139513268e-02 6.516410782e-02
 5.912580898e-02 5.330473371e-02 4.772543164e-02 4.241207428e-02 3.738807699e-02
 3.267579339e-02 2.829582709e-02 2.426599246e-02 2.060062719e-02 1.731063147e-02
 1.440502286e-02 1.188895245e-02 9.762423571e-03 8.020241039e-03 6.652649477e-03
 5.646544982e-03 4.987313398e-03 4.661464838e-03 4.660758888e-03 4.986487103e-03
 5.658461239e-03 6.718106582e-03 8.229735540e-03 1.028037538e-02 1.297637262e-02
 1.643510723e-02 2.077107599e-02 2.607751080e-02 3.240682370e-02 3.975420819e-02
 4.804800449e-02 5.714884213e-02 6.685807182e-02 7.693465799e-02 8.711810783e-02
 2.471823916e-01 2.417040989e-01 2.348458320e-01 2.277664319e-01 2.208812087e-01
 2.141298279e-01 2.074562609e-01 2.008146346e-01 1.941704974e-01 1.874994040e-01
 1.807847545e-01 1.740159989e-01 1.671872064e-01 1.602960154e-01 1.533430293e-01
 1.463313698e-01 1.392663792e-01 1.321554929e-01 1.250081659e-01 1.178358197e-01
 1.106518544e-01 1.034716517e-01 9.631257506e-02 8.919398858e-02 8.213723823e-02
 7.516562939e-02 6.830438971e-02 6.158055922e-02 5.502290650e-02 4.866174421e-02
 4.252869263e-02 3.665651195e-02 3.107895702e-02 2.582971474e-02 2.094195598e-02
 1.644988357e-02 1.238765709e-02 8.785444763e-03 5.667203586e-03 3.048323219e-03
 9.567315428e-04-5.855860218e-04-1.566712672e-03-1.982977381e-03-1.837791002e-03
-1.140634951e-03 9.402419528e-05 1.847957436e-03 4.100465783e-03 6.829330239e-03
 1.004384923e-02 1.377467951e-02 1.806399690e-02 2.296279744e-02 2.852624004e-02
 3.480667247e-02 4.184445740e-02 4.965739138e-02 5.823009273e-02 6.750518455e-02
 7.737806812e-02 8.769671992e-02 9.826745467e-02 1.088665575e-01 1.192568727e-01
 2.319929302e-01 2.259028852e-01 2.188727781e-01 2.118656784e-01 2.052088827e-01
 1.987401694e-01 1.923449263e-01 1.859500185e-01 1.795099526e-01 1.729967892e-01
 1.663939133e-01 1.596922278e-01 1.528879106e-01 1.459809766e-01 1.389745027e-01
 1.318740994e-01 1.246876418e-01 1.174251698e-01 1.100987941e-01 1.027227417e-01
 9.531340751e-02 8.788939191e-02 8.047160505e-02 7.308331504e-02 6.575022264e-02
 5.850050598e-02 5.136485396e-02 4.437642917e-02 3.757086767e-02 3.098625036e-02
 2.466235495e-02 1.864070819e-02 1.296800656e-02 7.688976140e-03 2.841029913e-03
-1.525991298e-03-5.350530395e-03-8.582476054e-03-1.118031285e-02-1.310944698e-02
-1.433997322e-02-1.484850747e-02-1.461969315e-02-1.364674979e-02-1.193165360e-02
-9.485151168e-03-6.326717572e-03-2.484553144e-03 2.004236449e-03 7.093033986e-03
 1.276059680e-02 1.903135145e-02 2.593457141e-02 3.350150214e-02 4.176098293e-02
 5.073355509e-02 6.042425335e-02 7.081439717e-02 8.185303956e-02 9.344901144e-02
 1.054647863e-01 1.177138202e-01 1.299633533e-01 1.419446543e-01 1.533715352e-01
 2.138614878e-01 2.068218738e-01 2.001519799e-01 1.940924749e-01 1.883056760e-01
 1.825297847e-01 1.766690761e-01 1.706809029e-01 1.645444557e-01 1.582498103e-01
 1.517932489e-01 1.451750174e-01 1.383982524e-01 1.314682960e-01 1.243924722e-01
 1.171799190e-01 1.098416149e-01 1.023903936e-01 9.484109654e-02 8.721067759e-02
 7.951836289e-02 7.178582252e-02 6.403733418e-02 5.629995093e-02 4.860365763e-02
 4.098150135e-02 3.346974030e-02 2.610787097e-02 1.893846690e-02 1.201011706e-02
 5.370585728e-03-9.418210684e-04-6.842202049e-03-1.225614595e-02-1.711663792e-02
-2.135952470e-02-2.492301630e-02-2.775062714e-02-2.979234605e-02-3.100518604e-02
-3.135356679e-02-3.081015870e-02-2.935681118e-02-2.698537520e-02-2.369842305e-02
-1.950988732e-02-1.444569603e-02-8.544431999e-03-1.858108262e-03 5.546936547e-03
 1.360142788e-02 2.232793812e-02 3.175287693e-02 4.190313444e-02 5.280195175e-02
 6.446365640e-02 7.688709347e-02 9.004752709e-02 1.038869061e-01 1.183025017e-01
 1.331342533e-01 1.481523514e-01 1.630490199e-01 1.774420738e-01 1.908998042e-01
 1.919663251e-01 1.830085590e-01 1.788661108e-01 1.752892881e-01 1.709445492e-01
 1.661147773e-01 1.609128192e-01 1.553941295e-01 1.495909542e-01 1.435246989e-01
 1.372114197e-01 1.306644007e-01 1.238957085e-01 1.169170663e-01 1.097404882e-01
 1.023787409e-01 9.484571591e-02 8.715679123e-02 7.932910694e-02 7.138188180e-02
 6.333670023e-02 5.521778763e-02 4.705232381e-02 3.887069412e-02 3.070678841e-02
 2.259814739e-02 1.458658418e-02 6.718607845e-03-9.665098187e-04-8.385369561e-03
-1.545204595e-02-2.208648435e-02-2.820659337e-02-3.373211250e-02-3.858607822e-02
-4.269527084e-02-4.599086568e-02-4.840955325e-02-4.989462159e-02-5.039692297e-02
-4.987581819e-02-4.830018804e-02-4.564947635e-02-4.191471823e-02-3.709957190e-02
-3.122133947e-02-2.431196906e-02-1.641910895e-02-7.607198084e-03 2.041361822e-03
 1.242492954e-02 2.353509422e-02 3.540713899e-02 4.807797260e-02 6.158338488e-02
 7.595417650e-02 9.121074156e-02 1.073556133e-01 1.243628189e-01 1.421625540e-01
 1.606185213e-01 1.794945002e-01 1.984078363e-01 2.167808786e-01 2.338423431e-01
 1.748655215e-01 1.650745347e-01 1.610644311e-01 1.582543627e-01 1.546752602e-01
 1.504680738e-01 1.457443088e-01 1.405807808e-01 1.350301802e-01 1.291297153e-01
 1.229069382e-01 1.163834110e-01 1.095771008e-01 1.025039852e-01 9.517918153e-02
 8.761778101e-02 7.983548194e-02 7.184915242e-02 6.367726627e-02 5.534037387e-02
 4.686148834e-02 3.826650047e-02 2.958458104e-02 2.084863092e-02 1.209602273e-02
 3.366707941e-03-5.293221213e-03-1.378819578e-02-2.203062364e-02-2.993064838e-02
-3.739739769e-02-4.434060119e-02-5.067086591e-02-5.630069971e-02-6.114557757e-02
-6.512489913e-02-6.816296280e-02-7.019006462e-02-7.114357129e-02-7.096909358e-02
-6.962160394e-02-6.706667319e-02-6.328164041e-02-5.825688503e-02-5.199701711e-02
-4.452213085e-02-3.586899303e-02-2.609222662e-02-1.526546991e-02-3.482557942e-03
 9.141195565e-03 2.253381163e-02 3.674587793e-02 5.183371715e-02 6.785881519e-02
 8.488644660e-02 1.029833518e-01 1.222139895e-01 1.426342428e-01 1.642806530e-01
 1.871508881e-01 2.111664712e-01 2.360924557e-01 2.613173872e-01 2.852503955e-01
 1.607036665e-01 1.503069624e-01 1.463799476e-01 1.435979157e-01 1.401717364e-01
 1.361642033e-01 1.316315756e-01 1.266236603e-01 1.211814284e-01 1.153376177e-01
 1.091184430e-01 1.025453657e-01 9.563662112e-02 8.840848505e-02 8.087625355e-02
 7.305505502e-02 6.496053933e-02 5.660943872e-02 4.802011885e-02 3.921307622e-02
 3.021143097e-02 2.104143522e-02 1.173275522e-02 2.318413877e-03-7.153965067e-03
-1.659029070e-02-2.590090317e-02-3.499143757e-02-4.376580938e-02-5.212663487e-02
-5.997596121e-02-6.721616907e-02-7.375081257e-02-7.948554678e-02-8.432917296e-02
-8.819463477e-02-9.100014344e-02-9.267030657e-02-9.313736111e-02-9.234238044e-02
-9.023660421e-02-8.678276837e-02-8.195644989e-02-7.574745640e-02-6.816117838e-02
-5.921992288e-02-4.896415769e-02-3.745364025e-02-2.476834693e-02-1.100908545e-02
 3.702466489e-03 1.922480575e-02 3.560501524e-02 5.292083510e-02 7.126406952e-02
 9.074203299e-02 1.114798300e-01 1.336234286e-01 1.573436484e-01 1.828414202e-01
 2.103551254e-01 2.401726097e-01 2.726546079e-01 3.082676828e-01 3.453031629e-01
 1.492515281e-01 1.384139284e-01 1.338943690e-01 1.308920682e-01 1.273518279e-01
 1.232915744e-01 1.187362596e-01 1.137110293e-01 1.082389578e-01 1.023402848e-01
 9.603255245e-02 8.933112769e-02 8.224982768e-02 7.480152696e-02 6.699875739e-02
 5.885428748e-02 5.038162319e-02 4.159553908e-02 3.251256423e-02 2.315148711e-02
 1.353384598e-02 3.685366479e-03-6.363427514e-03-1.652042847e-02-2.669675740e-02
-3.679798169e-02-4.672646151e-02-5.638165025e-02-6.566094607e-02-7.446045057e-02
-8.267578857e-02-9.020300208e-02-9.693943336e-02-1.027847193e-01-1.076418236e-01
-1.114181392e-01-1.140266433e-01-1.153871119e-01-1.154274233e-01-1.140849106e-01
-1.113077439e-01-1.070564128e-01-1.013051830e-01-9.404359386e-02-8.527791500e-02
-7.503257692e-02-6.335143000e-02-5.029892549e-02-3.596098535e-02-2.044569701e-02
-3.883745056e-03 1.357109658e-02 3.187562899e-02 5.112912506e-02 7.144925370e-02
 9.297803044e-02 1.158889160e-01 1.403963715e-01 1.667692810e-01 1.953503713e-01
 2.265849858e-01 2.610659748e-01 2.996103019e-01 3.434121758e-01 3.899516910e-01
 1.392404288e-01 1.280049756e-01 1.230825856e-01 1.197778322e-01 1.159988343e-01
 1.117525622e-01 1.070484444e-01 1.018933691e-01 9.629340100e-02 9.025463465e-02
 8.378342165e-02 7.688638942e-02 6.957039984e-02 6.184264086e-02 5.371082205e-02
 4.518340339e-02 3.626994605e-02 2.698151114e-02 1.733110379e-02 7.334158290e-03
-2.994342009e-03-1.358363546e-02-2.434831020e-02-3.519658743e-02-4.603242688e-02
-5.675571224e-02-6.726291029e-02-7.744773477e-02-8.720187469e-02-9.641581028e-02
-1.049796268e-01-1.127839163e-01-1.197207309e-01-1.256845966e-01-1.305735707e-01
-1.342903972e-01-1.367437169e-01-1.378493533e-01-1.375317127e-01-1.357251853e-01
-1.323756427e-01-1.274420247e-01-1.208979301e-01-1.127331480e-01-1.029553078e-01
-9.159129113e-02-7.868861035e-02-6.431653350e-02-4.856685176e-02-3.155423515e-02
-1.341585536e-02 5.690100596e-03 2.560048458e-02 4.641343839e-02 6.825285777e-02
 9.127228335e-02 1.156624705e-01 1.416628510e-01 1.695779264e-01 1.998004392e-01
 2.328434661e-01 2.693819106e-01 3.102982342e-01 3.567079008e-01 4.072950632e-01
 1.301773414e-01 1.185322515e-01 1.136889756e-01 1.099980772e-01 1.058940477e-01
 1.013979018e-01 9.649198127e-02 9.115749967e-02 8.538104592e-02 7.915430141e-02
 7.247260958e-02 6.533382459e-02 5.773748829e-02 4.968439600e-02 4.117641413e-02
 3.221647812e-02 2.280879859e-02 1.295915294e-02 2.675375319e-03-8.020283640e-03
-1.904670893e-02-3.031899876e-02-4.174639285e-02-5.323269030e-02-6.467695162e-02
-7.597414032e-02-8.701580390e-02-9.769076110e-02-1.078858860e-01-1.174869053e-01
-1.263792664e-01-1.344490349e-01-1.415838823e-01-1.476741359e-01-1.526138708e-01
-1.563021019e-01-1.586440429e-01-1.595524847e-01-1.589492261e-01-1.567665488e-01
-1.529488862e-01-1.474544033e-01-1.402567625e-01-1.313467920e-01-1.207341328e-01
-1.084489226e-01-9.454315901e-02-7.909199223e-02-6.219461001e-02-4.397480004e-02
-2.458099462e-02-4.185882397e-03 1.701409742e-02 3.898503631e-02 6.184514613e-02
 8.573504910e-02 1.108256057e-01 1.373275071e-01 1.655043140e-01 1.956911981e-01
 2.283226400e-01 2.639755160e-01 3.034380525e-01 3.478130251e-01 3.962256610e-01
 1.235908754e-01 1.120214351e-01 1.055563390e-01 1.011256017e-01 9.672789648e-02
 9.204623479e-02 8.698077872e-02 8.148473126e-02 7.553175835e-02 6.910532337e-02
 6.219420582e-02 5.479024348e-02 4.688715938e-02 3.847991677e-02 2.956440671e-02
 2.013739102e-02 1.019657636e-02-2.591812954e-04-1.119454062e-02-2.253366727e-02
-3.419356050e-02-4.608500189e-02-5.811296403e-02-7.017710061e-02-8.217233419e-02
-9.398951007e-02-1.055160761e-01-1.166368164e-01-1.272346378e-01-1.371913925e-01
-1.463887468e-01-1.547091380e-01-1.620367467e-01-1.682585701e-01-1.732656136e-01
-1.769540161e-01-1.792264879e-01-1.799936220e-01-1.791754439e-01-1.767030060e-01
-1.725200713e-01-1.665848643e-01-1.588718742e-01-1.493736878e-01-1.381027997e-01
-1.250933558e-01-1.104027443e-01-9.411299601e-02-7.633185387e-02-5.719346926e-02
-3.685848229e-02-1.551339542e-02 6.631237688e-03 2.937120478e-02 5.279060453e-02
 7.699123397e-02 1.020927504e-01 1.282347068e-01 1.555796340e-01 1.843169034e-01
 2.146678790e-01 2.468947917e-01 2.813247293e-01 3.184568733e-01 3.582547605e-01
 1.138890274e-01 1.013464481e-01 9.602965042e-02 9.243304284e-02 8.827668427e-02
 8.363813910e-02 7.852220911e-02 7.291806862e-02 6.681315604e-02 6.019566019e-02
 5.305465682e-02 4.537980074e-02 3.716105039e-02 2.838847508e-02 1.905219260e-02
 9.142420240e-03-1.350328806e-03-1.239019027e-02-2.390552311e-02-3.581727858e-02
-4.803941771e-02-6.047946402e-02-7.303902134e-02-8.561436832e-02-9.809704869e-02
-1.103745736e-01-1.223310865e-01-1.338481381e-01-1.448054835e-01-1.550818980e-01
-1.645561084e-01-1.731077284e-01-1.806182787e-01-1.869722679e-01-1.920584217e-01
-1.957708523e-01-1.980105266e-01-1.986866444e-01-1.977182478e-01-1.950358748e-01
-1.905833706e-01-1.843196675e-01-1.762207746e-01-1.662816778e-01-1.545183361e-01
-1.409695148e-01-1.256986111e-01-1.087952368e-01-9.037652612e-02-7.058813050e-02
-4.960478656e-02-2.763041668e-02-4.897900391e-03 1.833112817e-02 4.197111912e-02
 6.608514114e-02 9.073503315e-02 1.159791388e-01 1.418664306e-01 1.684251875e-01
 1.956417784e-01 2.234191671e-01 2.514898181e-01 2.792244703e-01 3.053154200e-01
 1.063254289e-01 9.332923219e-02 8.843662214e-02 8.505103737e-02 8.103489506e-02
 7.643997297e-02 7.128912212e-02 6.559055296e-02 5.934348700e-02 5.254190603e-02
 4.517657499e-02 3.723603857e-02 2.870711870e-02 1.957517398e-02 9.824277862e-03
-5.625956692e-04-1.156169688e-02-2.310629375e-02-3.512200530e-02-4.752709532e-02
-6.023288146e-02-7.314421980e-02-8.616003396e-02-9.917393326e-02-1.120748110e-01
-1.247475520e-01-1.370737403e-01-1.489324346e-01-1.602009758e-01-1.707558185e-01
-1.804735065e-01-1.892315522e-01-1.969095692e-01-2.033902928e-01-2.085609064e-01
-2.123142034e-01-2.145500854e-01-2.151770368e-01-2.141137496e-01-2.112908810e-01
-2.066528797e-01-2.001599297e-01-1.917899922e-01-1.815408468e-01-1.694321781e-01
-1.555076018e-01-1.398366317e-01-1.225163899e-01-1.036731750e-01-8.346361667e-02
-6.207543239e-02-3.972766921e-02-1.667024661e-02 6.817432817e-03 3.045929503e-02
 5.427283422e-02 7.826848329e-02 1.024412587e-01 1.267606989e-01 1.511567384e-01
 1.754989922e-01 1.995671168e-01 2.230128050e-01 2.453253567e-01 2.658377737e-01
 1.016481705e-01 8.845286068e-02 8.295087886e-02 7.946064325e-02 7.538386807e-02
 7.071924956e-02 6.547424941e-02 5.965228003e-02 5.325161850e-02 4.626567663e-02
 3.868371622e-02 3.049151506e-02 2.167183068e-02 1.220465543e-02 2.067251611e-03
-8.741887767e-03-2.016236263e-02-3.212563322e-02-4.455536976e-02-5.736783330e-02
-7.047230749e-02-8.377161624e-02-9.716264530e-02-1.105369814e-01-1.237815283e-01
-1.367792264e-01-1.494097710e-01-1.615504026e-01-1.730767116e-01-1.838634983e-01
-1.937857643e-01-2.027195990e-01-2.105433270e-01-2.171385735e-01-2.223915383e-01
-2.261943147e-01-2.284462899e-01-2.290557772e-01-2.279415801e-01-2.250348926e-01
-2.202811539e-01-2.136420831e-01-2.050977647e-01-1.946488470e-01-1.823186800e-01
-1.681554839e-01-1.522343829e-01-1.346593425e-01-1.155647300e-01-9.511674940e-02
-7.351426035e-02-5.098926276e-02-2.780685481e-02-4.264713734e-03 1.930747088e-02
 4.277221300e-02 6.611636653e-02 8.930445463e-02 1.122726649e-01 1.349206567e-01
 1.571018174e-01 1.786134765e-01 1.991906091e-01 2.185092568e-01 2.362069562e-01
 9.816898036e-02 8.479076998e-02 7.923340422e-02 7.560109720e-02 7.137838005e-02
 6.656853484e-02 6.117514145e-02 5.519767851e-02 4.863042572e-02 4.146268962e-02
 3.367939219e-02 2.526161075e-02 1.618694702e-02 6.429726287e-03-4.038849816e-03
-1.517901619e-02-2.692881506e-02-3.921828048e-02-5.196967159e-02-6.509782748e-02
-7.851060852e-02-9.210938960e-02-1.057896353e-01-1.194415242e-01-1.329505816e-01
-1.461984068e-01-1.590634137e-01-1.714216098e-01-1.831474379e-01-1.941146478e-01
-2.041972429e-01-2.132704630e-01-2.212118655e-01-2.279024869e-01-2.332280651e-01
-2.370804176e-01-2.393588796e-01-2.399719134e-01-2.388388067e-01-2.358915135e-01
-2.310766354e-01-2.243574560e-01-2.157161534e-01-2.051559836e-01-1.927035451e-01
-1.784110218e-01-1.623582318e-01-1.446546614e-01-1.254410967e-01-1.048909724e-01
-8.321126178e-02-6.064279377e-02-3.745993227e-02-1.396949217e-02 9.491155859e-03
 3.263147175e-02 5.542501062e-02 7.782585920e-02 9.976485744e-02 1.211459972e-01
 1.418436021e-01 1.617013663e-01 1.805347949e-01 1.981388181e-01 2.143017351e-01
 9.624721111e-02 8.275724576e-02 7.726768029e-02 7.344139369e-02 6.900162250e-02
 6.398536636e-02 5.840324241e-02 5.225176549e-02 4.551858081e-02 3.818579763e-02
 3.023157732e-02 2.163072675e-02 1.235475157e-02 2.371601484e-03-8.334352387e-03
-1.970939244e-02-3.169120473e-02-4.420921020e-02-5.718493088e-02-7.053240013e-02
-8.415862919e-02-9.796413405e-02-1.118435226e-01-1.256861165e-01-1.393766329e-01
-1.527958810e-01-1.658215299e-01-1.783289015e-01-1.901917979e-01-2.012834251e-01
-2.114773020e-01-2.206482515e-01-2.286735475e-01-2.354340330e-01-2.408153713e-01
-2.447094694e-01-2.470158711e-01-2.476434857e-01-2.465122044e-01-2.435548678e-01
-2.387191802e-01-2.319698855e-01-2.232909352e-01-2.126877457e-01-2.001895085e-01
-1.858514026e-01-1.697567552e-01-1.520190239e-01-1.327833980e-01-1.122281365e-01
-9.056530148e-02-6.804084033e-02-4.493391327e-02-2.155517228e-02 1.756204872e-03
 2.463712916e-02 4.701272211e-02 6.883966178e-02 9.005604685e-02 1.105806567e-01
 1.303133592e-01 1.491370425e-01 1.669216826e-01 1.835307926e-01 1.988303363e-01
 9.675168249e-02 8.337605748e-02 7.725331184e-02 7.297724859e-02 6.816839053e-02
 6.287597680e-02 5.708640067e-02 5.077110228e-02 4.389991054e-02 3.644284606e-02
 2.836958131e-02 1.964851006e-02 1.024581726e-02 1.245488675e-04-1.071688719e-02
-2.222458366e-02-3.433606215e-02-4.698053747e-02-6.007926914e-02-7.354598489e-02
-8.728735893e-02-1.012035794e-01-1.151889041e-01-1.291323304e-01-1.429182514e-01
-1.564272046e-01-1.695365980e-01-1.821215525e-01-1.940557137e-01-2.052121386e-01
-2.154642939e-01-2.246870398e-01-2.327576801e-01-2.395572290e-01-2.449715957e-01
-2.488929853e-01-2.512214035e-01-2.518662661e-01-2.507482022e-01-2.478008270e-01
-2.429728582e-01-2.362301722e-01-2.275580615e-01-2.169634774e-01-2.044773623e-01
-1.901568547e-01-1.740874276e-01-1.563848779e-01-1.371968612e-01-1.167042218e-01
-9.512154385e-02-7.269718498e-02-4.971245490e-02-2.647978440e-02-3.339945337e-03
 1.934172771e-02 4.141946136e-02 6.285779923e-02 8.360449225e-02 1.035917774e-01
 1.227382794e-01 1.409518793e-01 1.581337527e-01 1.741836369e-01 1.890060157e-01
 9.927190469e-02 8.654926716e-02 7.901043075e-02 7.369812950e-02 6.848774481e-02
 6.298581141e-02 5.706554282e-02 5.065914619e-02 4.371953013e-02 3.620810433e-02
 2.808956428e-02 1.932911485e-02 9.890707181e-03-2.642907348e-04-1.113579469e-02
-2.267040036e-02-3.480594793e-02-4.747188088e-02-6.058963574e-02-7.407308739e-02
-8.782904965e-02-1.017578393e-01-1.157538556e-01-1.297062337e-01-1.434995309e-01
-1.570144594e-01-1.701286510e-01-1.827174127e-01-1.946546659e-01-2.058137655e-01
-2.160684913e-01-2.252940386e-01-2.333681509e-01-2.401722297e-01-2.455926761e-01
-2.495222241e-01-2.518614531e-01-2.525203824e-01-2.514203042e-01-2.484955117e-01
-2.436954901e-01-2.369868979e-01-2.283558175e-01-2.178100571e-01-2.053813785e-01
-1.911277398e-01-1.751354113e-01-1.575208977e-01-1.384324953e-01-1.180514619e-01
-9.659263864e-02-7.430433110e-02-5.146736838e-02-2.839318384e-02-5.420706242e-03
 1.708803885e-02 3.895789199e-02 6.015696935e-02 8.063790202e-02 1.003394015e-01
 1.191884764e-01 1.371034086e-01 1.539976746e-01 1.697845533e-01 1.843824834e-01
 9.839609267e-02 8.515289797e-02 7.894343881e-02 7.445544006e-02 6.949345767e-02
 6.408735734e-02 5.821359155e-02 5.183799565e-02 4.492673649e-02 3.744746931e-02
 2.936842573e-02 2.065728793e-02 1.128011802e-02 1.200337385e-03-9.593014140e-03
-2.104674280e-02-3.309914286e-02-4.568017276e-02-5.871180817e-02-7.210847366e-02
-8.577753979e-02-9.961989149e-02-1.135305017e-01-1.273991242e-01-1.411109120e-01
-1.545472071e-01-1.675862521e-01-1.801040396e-01-1.919751242e-01-2.030735314e-01
-2.132737189e-01-2.224515900e-01-2.304855511e-01-2.372577339e-01-2.426552102e-01
-2.465714142e-01-2.489075959e-01-2.495744303e-01-2.484937906e-01-2.456005737e-01
-2.408447042e-01-2.341932282e-01-2.256324962e-01-2.151704207e-01-2.028386518e-01
-1.886948720e-01-1.728247851e-01-1.553440243e-01-1.363997236e-01-1.161715947e-01
-9.487259760e-02-7.274876908e-02-5.007835850e-02-2.716992981e-02-4.359455543e-03
 1.799373142e-02 3.973222152e-02 6.082350202e-02 8.121916652e-02 1.008562818e-01
 1.196593195e-01 1.375429928e-01 1.544161066e-01 1.701864079e-01 1.847663149e-01
 9.966507924e-02 8.644891533e-02 8.038956673e-02 7.620947064e-02 7.151148094e-02
 6.629845499e-02 6.056883559e-02 5.431105007e-02 4.750739038e-02 4.013648070e-02
 3.217438699e-02 2.359496616e-02 1.436984817e-02 4.468341373e-03-6.140118217e-03
-1.740591416e-02-2.926852371e-02-4.165886345e-02-5.449981618e-02-6.770673765e-02
-8.118796351e-02-9.484536949e-02-1.085749641e-01-1.222675256e-01-1.358092800e-01
-1.490826309e-01-1.619668976e-01-1.743391231e-01-1.860749423e-01-1.970494389e-01
-2.071381062e-01-2.162178829e-01-2.241681665e-01-2.308720723e-01-2.362175956e-01
-2.400990352e-01-2.424184382e-01-2.430871874e-01-2.420277149e-01-2.391753569e-01
-2.344802842e-01-2.279095426e-01-2.194492370e-01-2.091066763e-01-1.969125718e-01
-1.829231903e-01-1.672223881e-01-1.499234140e-01-1.311704516e-01-1.111397445e-01
-9.004019574e-02-6.811334938e-02-4.563254677e-02-2.290120348e-02-2.500492265e-04
 2.196671442e-02 4.365333169e-02 6.477257609e-02 8.526992797e-02 1.050736234e-01
 1.240953915e-01 1.422325149e-01 1.593715176e-01 1.753938794e-01 1.901837289e-01
 1.019247920e-01 8.878898248e-02 8.333751932e-02 7.935769108e-02 7.484161855e-02
 6.979816782e-02 6.422512233e-02 5.811682905e-02 5.146351083e-02 4.425151829e-02
 3.646388088e-02 2.808076519e-02 1.907969828e-02 9.435557280e-03-8.798026975e-04
-1.185199575e-02-2.342047544e-02-3.551682273e-02-4.806494896e-02-6.098143570e-02
-7.417598364e-02-8.755190295e-02-1.010066755e-01-1.144325994e-01-1.277174279e-01
-1.407450885e-01-1.533964202e-01-1.655500084e-01-1.770829708e-01-1.878718510e-01
-1.977936104e-01-2.067265734e-01-2.145514861e-01-2.211527452e-01-2.264195383e-01
-2.302472815e-01-2.325389758e-01-2.332068160e-01-2.321738526e-01-2.293757871e-01
-2.247628644e-01-2.183018699e-01-2.099782080e-01-1.997980103e-01-1.877902672e-01
-1.740088537e-01-1.585345492e-01-1.414767429e-01-1.229749508e-01-1.031999327e-01
-8.235432580e-02-6.067271344e-02-3.842099942e-02-1.589488053e-02 6.582816823e-03
 2.870118058e-02 5.043431184e-02 7.174072414e-02 9.255952016e-02 1.128072999e-01
 1.323760003e-01 1.511323228e-01 1.689200252e-01 1.855664104e-01 2.008939981e-01
 1.063721738e-01 9.347279739e-02 8.778199553e-02 8.393908663e-02 7.956299934e-02
 7.465580481e-02 6.922272965e-02 6.326439235e-02 5.677644166e-02 4.975027220e-02
 4.217394812e-02 3.403292036e-02 2.531054805e-02 1.598843513e-02 6.046727329e-03
-4.535427870e-03-1.571215226e-02-2.741658039e-02-3.957431392e-02-5.210375038e-02
-6.491648035e-02-7.791777326e-02-9.100712466e-02-1.040788479e-01-1.170227267e-01
-1.297247410e-01-1.420677528e-01-1.539323330e-01-1.651976034e-01-1.757420301e-01
-1.854444742e-01-1.941850707e-01-2.018463314e-01-2.083143070e-01-2.134797424e-01
-2.172394395e-01-2.194976285e-01-2.201675177e-01-2.191729248e-01-2.164499536e-01
-2.119488865e-01-2.056361139e-01-1.974960491e-01-1.875332147e-01-1.757742390e-01
-1.622698233e-01-1.470965743e-01-1.303586885e-01-1.121893488e-01-9.275178611e-02
-7.223994657e-02-5.087867379e-02-2.892345842e-02-6.659924766e-03 1.559637208e-02
 3.767914699e-02 5.957576447e-02 8.125373349e-02 1.026565134e-01 1.236971729e-01
 1.442507505e-01 1.641464904e-01 1.831630841e-01 2.010316402e-01 2.174526006e-01
 1.119330898e-01 9.929874909e-02 9.376588088e-02 9.001100439e-02 8.569999036e-02
 8.086899293e-02 7.553812116e-02 6.971240045e-02 6.338860655e-02 5.655923112e-02
 4.921445440e-02 4.134309106e-02 3.293302654e-02 2.397149894e-02 1.444527229e-02
 4.340828746e-03-6.353310557e-03-1.757417059e-02-2.924973705e-02-4.130086304e-02
-5.364164712e-02-6.617990884e-02-7.881770280e-02-9.145192427e-02-1.039749533e-01
-1.162753366e-01-1.282385289e-01-1.397476420e-01-1.506842896e-01-1.609294489e-01
-1.703643277e-01-1.788714305e-01-1.863354966e-01-1.926446855e-01-1.976917312e-01
-2.013752386e-01-2.036010325e-01-2.042836472e-01-2.033478990e-01-2.007305324e-01
-1.963820085e-01-1.902682856e-01-1.823727339e-01-1.726980656e-01-1.612681523e-01
-1.481299549e-01-1.333551109e-01-1.170415394e-01-9.931464867e-02-8.032821118e-02
-6.026485563e-02-3.933591955e-02-1.778061875e-02 4.135909010e-03 2.612660175e-02
 4.819556697e-02 7.034570351e-02 9.256738795e-02 1.148299612e-01 1.370702013e-01
 1.591755375e-01 1.809601709e-01 2.021344080e-01 2.222770676e-01 2.408407181e-01
 1.189706400e-01 1.067257524e-01 1.015749872e-01 9.762427954e-02 9.318935123e-02
 8.834128454e-02 8.307130632e-02 7.736298072e-02 7.120162992e-02 6.457495688e-02
 5.747244506e-02 4.988482222e-02 4.180366173e-02 3.322115538e-02 2.413004448e-02
 1.452365564e-02 4.396052245e-03-6.256639506e-03-1.736499279e-02-2.885300292e-02
-4.063791782e-02-5.263067599e-02-6.473646688e-02-7.685533914e-02-8.888284863e-02
-1.007107086e-01-1.122275367e-01-1.233196072e-01-1.338716373e-01-1.437676549e-01
-1.528918743e-01-1.611296907e-01-1.683686599e-01-1.744996086e-01-1.794177890e-01
-1.830241084e-01-1.852264702e-01-1.859411895e-01-1.850945056e-01-1.826241240e-01
-1.784809753e-01-1.726308390e-01-1.650561914e-01-1.557579413e-01-1.447571665e-01
-1.320968345e-01-1.178432778e-01-1.020875387e-01-8.494642375e-02-6.656320021e-02
-4.710789585e-02-2.677717432e-02-5.793906501e-03 1.559319861e-02 3.727951086e-02
 5.931125769e-02 8.173289523e-02 1.045855060e-01 1.279020086e-01 1.516979709e-01
 1.759543270e-01 2.005837858e-01 2.253603712e-01 2.497646734e-01 2.727274448e-01
 1.285295188e-01 1.170683130e-01 1.107235812e-01 1.062011868e-01 1.016418412e-01
 9.681902452e-02 9.164511786e-02 8.607798071e-02 8.009417730e-02 7.367951795e-02
 6.682494655e-02 5.952447093e-02 5.177408458e-02 4.357118715e-02 3.491432777e-02
 2.580314226e-02 1.623846873e-02 6.222529599e-03-4.241094328e-03-1.508866067e-02
-2.624117860e-02-3.761316277e-02-4.911341892e-02-6.064570698e-02-7.210934533e-02
-8.339985088e-02-9.440966694e-02-1.050288566e-01-1.151459180e-01-1.246485897e-01
-1.334247589e-01-1.413633749e-01-1.483554542e-01-1.542951167e-01-1.590807736e-01
-1.626162529e-01-1.648121103e-01-1.655870303e-01-1.648691669e-01-1.625977680e-01
-1.587246209e-01-1.532157957e-01-1.460532248e-01-1.372363120e-01-1.267836094e-01
-1.147342511e-01-1.011493429e-01-8.611303195e-02-6.973335146e-02-5.214258657e-02
-3.349718266e-02-1.397692320e-02 6.216721144e-03 2.689260151e-02 4.811176285e-02
 6.995005532e-02 9.249783678e-02 1.158613898e-01 1.401650980e-01 1.655543521e-01
 1.921993643e-01 2.203022018e-01 2.501161695e-01 2.820330262e-01 3.160100132e-01
 1.355872751e-01 1.241274402e-01 1.187029444e-01 1.148999110e-01 1.106949560e-01
 1.061066724e-01 1.011288353e-01 9.575090928e-02 8.996516463e-02 8.376749602e-02
 7.715666297e-02 7.013347000e-02 6.270018591e-02 5.486023982e-02 4.661810955e-02
 3.797938673e-02 2.895096318e-02 1.954131757e-02 9.760888308e-03-3.774171055e-04
-1.083009920e-02-2.151480409e-02-3.234419230e-02-4.322637247e-02-5.406508225e-02
-6.476034221e-02-7.520910354e-02-8.530594411e-02-9.494386242e-02-1.040150449e-01
-1.124117486e-01-1.200272180e-01-1.267566308e-01-1.324981600e-01-1.371540278e-01
-1.406316980e-01-1.428450867e-01-1.437158510e-01-1.431747824e-01-1.411632001e-01
-1.376344413e-01-1.325553805e-01-1.259079278e-01-1.176905744e-01-1.079198085e-01
-9.663148598e-02-8.388199284e-02-6.974921748e-02-5.433314851e-02-3.775612637e-02
-2.016250697e-02-1.717655396e-03 1.739405560e-02 3.715564126e-02 5.765509233e-02
 7.899937032e-02 1.013203673e-01 1.247823201e-01 1.495919973e-01 1.760132834e-01
 2.043888867e-01 2.351743281e-01 2.689930201e-01 3.067196906e-01 3.476228118e-01
 1.439093277e-01 1.327558085e-01 1.279317513e-01 1.245225929e-01 1.206410266e-01
 1.163115427e-01 1.115477383e-01 1.063612960e-01 1.007628031e-01 9.476233645e-02
 8.836968616e-02 8.159451929e-02 7.444642855e-02 6.693515925e-02 5.907084791e-02
 5.086434446e-02 4.232758282e-02 3.347402811e-02 2.431919612e-02 1.488128307e-02
 5.182007531e-03-4.760019452e-03-1.486233293e-02-2.503949308e-02-3.520022148e-02
-4.524987194e-02-5.509065835e-02-6.462243572e-02-7.374344392e-02-8.235107735e-02
-9.034275635e-02-9.761676937e-02-1.040732414e-01-1.096151173e-01-1.141492352e-01
-1.175874174e-01-1.198476591e-01-1.208553575e-01-1.205446050e-01-1.188595109e-01
-1.157556102e-01-1.112012304e-01-1.051789411e-01-9.768688680e-02-8.874015881e-02
-7.837200907e-02-6.663487482e-02-5.360125937e-02-3.936426152e-02-2.403777651e-02
-7.756324245e-03 9.325377650e-03 2.710882854e-02 4.566843993e-02 6.509852780e-02
 8.551759272e-02 1.070748456e-01 1.299595311e-01 1.544139534e-01 1.807517633e-01
 2.093825862e-01 2.408434898e-01 2.758322358e-01 3.152239174e-01 3.579099476e-01
 1.540197209e-01 1.433164924e-01 1.385523155e-01 1.354120225e-01 1.317601129e-01
 1.276106238e-01 1.229924075e-01 1.179345958e-01 1.124639734e-01 1.066041216e-01
 1.003755405e-01 9.379621966e-02 8.688232672e-02 7.964891569e-02 7.211057468e-02
 6.428201869e-02 5.617867410e-02 4.781719294e-02 3.921598752e-02 3.039570712e-02
 2.137969248e-02 1.219422134e-02 2.870487762e-03-6.556411041e-03-1.599419629e-02
-2.535578978e-02-3.454907608e-02-4.347992317e-02-5.205260593e-02-6.017050891e-02
-6.773698327e-02-7.465615493e-02-8.083385231e-02-8.617858586e-02-9.060256182e-02
-9.402272852e-02-9.636192021e-02-9.755000098e-02-9.752507877e-02-9.623477237e-02
-9.363745901e-02-8.970358595e-02-8.441695198e-02-7.777599621e-02-6.979499015e-02
-6.050518531e-02-4.995575172e-02-3.821456063e-02-2.536862993e-02-1.152413664e-02
 3.194193967e-03 1.864479111e-02 3.486306221e-02 5.191786958e-02 6.989617647e-02
 8.890682086e-02 1.090860031e-01 1.306050643e-01 1.536815763e-01 1.785953492e-01
 2.057117969e-01 2.355169728e-01 2.686730176e-01 3.061204106e-01 3.457238972e-01
 1.653451249e-01 1.550761983e-01 1.507515311e-01 1.478142962e-01 1.442570463e-01
 1.401423663e-01 1.355320141e-01 1.304800436e-01 1.250306666e-01 1.192192138e-01
 1.130740568e-01 1.066185385e-01 9.987259658e-02 9.285408258e-02 8.557979393e-02
 7.806628200e-02 7.033055276e-02 6.239065343e-02 5.426618271e-02 4.597879390e-02
 3.755263796e-02 2.901484168e-02 2.039606121e-02 1.173080692e-02 3.057876238e-03
-5.582511163e-03-1.409625400e-02-2.239702086e-02-3.039607035e-02-3.800335899e-02
-4.512908307e-02-5.168393071e-02-5.758012642e-02-6.273248605e-02-6.705933811e-02
-7.048350570e-02-7.293336841e-02-7.434396072e-02-7.465811071e-02-7.382757960e-02
-7.181422414e-02-6.859115142e-02-6.414391843e-02-5.847166292e-02-5.158823544e-02
-4.352324645e-02-3.432301062e-02-2.405135613e-02-1.279021101e-02-6.400340062e-04
 1.228001529e-02 2.593701052e-02 4.037561454e-02 5.565103146e-02 7.183070853e-02
 8.899618311e-02 1.072454192e-01 1.266958416e-01 1.474885493e-01 1.697942093e-01
 1.938223913e-01 2.198384404e-01 2.482012808e-01 2.794553489e-01 3.123102784e-01
 1.788044274e-01 1.690871716e-01 1.650743037e-01 1.620904505e-01 1.583388597e-01
 1.539900526e-01 1.491624638e-01 1.439357921e-01 1.383641437e-01 1.324856803e-01
 1.263287663e-01 1.199158020e-01 1.132656112e-01 1.063950397e-01 9.932008010e-02
 9.205668049e-02 8.462135120e-02 7.703170556e-02 6.930690260e-02 6.146803500e-02
 5.353852733e-02 4.554448277e-02 3.751505727e-02 2.948278187e-02 2.148390377e-02
 1.355873328e-02 5.752955782e-03-1.894307963e-03-9.300613761e-03-1.638048283e-02
-2.305372336e-02-2.923762705e-02-3.485110404e-02-3.981603870e-02-4.405773433e-02
-4.750553329e-02-5.009395446e-02-5.176382324e-02-5.246332657e-02-5.214900336e-02
-5.078673176e-02-4.835273325e-02-4.483461755e-02-4.023241063e-02-3.455955909e-02
-2.784389349e-02-2.012855656e-02-1.147280261e-02-1.952638137e-03 8.338480722e-03
 1.933947207e-02 3.107147756e-02 4.356358570e-02 5.685183591e-02 7.097826528e-02
 8.598968759e-02 1.019359678e-01 1.188672594e-01 1.368295699e-01 1.558569223e-01
 1.759571210e-01 1.970833093e-01 2.190683112e-01 2.414223253e-01 2.627277076e-01
 1.958912909e-01 1.871516779e-01 1.825688705e-01 1.786516234e-01 1.740498394e-01
 1.690301225e-01 1.636950225e-01 1.580943018e-01 1.522571519e-01 1.462034956e-01
 1.399486512e-01 1.335057318e-01 1.268868447e-01 1.201039627e-01 1.131694131e-01
 1.060963199e-01 9.889892487e-02 9.159287810e-02 8.419553192e-02 7.672618332e-02
 6.920631233e-02 6.165985017e-02 5.411340113e-02 4.659646006e-02 3.914164566e-02
 3.178489211e-02 2.456562777e-02 1.752665827e-02 1.071703156e-02 4.185393103e-03
-2.028690156e-03-7.837972866e-03-1.316698128e-02-1.794696227e-02-2.211195977e-02
-2.559783962e-02-2.834539769e-02-3.030174600e-02-3.142113237e-02-3.166558969e-02
-3.100559769e-02-2.942080238e-02-2.690102064e-02-2.344712618e-02-1.907184815e-02
-1.380056419e-02-7.672318752e-03-7.406656077e-04 6.926616858e-03 1.527380153e-02
 2.430610637e-02 3.403558394e-02 4.447948749e-02 5.565818028e-02 6.759252027e-02
 8.030043918e-02 9.379245341e-02 1.080654747e-01 1.230941005e-01 1.388178170e-01
 1.551215947e-01 1.718062014e-01 1.885448620e-01 2.048349827e-01 2.199939564e-01
 2.167102694e-01 2.099670023e-01 2.030814812e-01 1.966606975e-01 1.906033531e-01
 1.846284196e-01 1.786279008e-01 1.725525781e-01 1.663781628e-01 1.600927487e-01
 1.536915377e-01 1.471741572e-01 1.405434459e-01 1.338046044e-01 1.269649267e-01
 1.200335622e-01 1.130214892e-01 1.059415154e-01 9.880832952e-02 9.163862836e-02
 8.445120601e-02 7.726706195e-02 7.010956480e-02 6.300453095e-02 5.598034340e-02
 4.906803925e-02 4.230137169e-02 3.571682610e-02 2.935366708e-02 2.325326110e-02
 1.745920911e-02 1.202088130e-02 6.986313761e-03 2.397458913e-03-1.695389714e-03
-5.227245594e-03-8.144025676e-03-1.040000189e-02-1.195687801e-02-1.278353481e-02
-1.285594192e-02-1.215710027e-02-1.067898421e-02-8.423389882e-03-5.402001116e-03
-1.636155692e-03 2.840778659e-03 7.979275862e-03 1.375601950e-02 2.016546112e-02
 2.721030639e-02 3.489945832e-02 4.324571414e-02 5.226291899e-02 6.196234746e-02
 7.234821467e-02 8.341205123e-02 9.512593600e-02 1.074342467e-01 1.202439554e-01
 1.334135830e-01 1.467418894e-01 1.599597484e-01 1.727321521e-01 1.846795455e-01
 2.334860787e-01 2.276274487e-01 2.205244005e-01 2.132943422e-01 2.064368948e-01
 1.998038292e-01 1.932870299e-01 1.868154257e-01 1.803438366e-01 1.738440842e-01
 1.672991812e-01 1.606996805e-01 1.540414468e-01 1.473242939e-01 1.405511200e-01
 1.337273642e-01 1.268607527e-01 1.199610643e-01 1.130401082e-01 1.061116532e-01
 9.919144960e-02 9.229725596e-02 8.544885366e-02 7.866811381e-02 7.197897136e-02
 6.540745126e-02 5.898164398e-02 5.273162018e-02 4.668934640e-02 4.088848272e-02
 3.536426835e-02 3.015341423e-02 2.529304757e-02 2.082021348e-02 1.677312891e-02
 1.319088830e-02 1.010981252e-02 7.561871345e-03 5.573858070e-03 4.166744533e-03
 3.356019646e-03 3.159478540e-03 3.583444835e-03 4.623202869e-03 6.265426069e-03
 8.499713615e-03 1.131189335e-02 1.468724941e-02 1.861754988e-02 2.310283671e-02
 2.815073915e-02 3.377524203e-02 3.999474087e-02 4.682911930e-02 5.429576340e-02
 6.240440534e-02 7.115095478e-02 8.051062004e-02 9.043084088e-02 1.008248180e-01
 1.115665212e-01 1.224886068e-01 1.333849132e-01 1.440193281e-01 1.541418955e-01
 2.473649606e-01 2.420625463e-01 2.352099419e-01 2.279381454e-01 2.208798304e-01
 2.139879465e-01 2.072117552e-01 2.005083188e-01 1.938445643e-01 1.871964633e-01
 1.805474311e-01 1.738867164e-01 1.672081426e-01 1.605091467e-01 1.537901387e-01
 1.470540389e-01 1.403059810e-01 1.335531548e-01 1.268046275e-01 1.200713068e-01
 1.133659147e-01 1.067029126e-01 1.000985056e-01 9.357060862e-02 8.713879436e-02
 8.082424475e-02 7.464966179e-02 6.863915172e-02 6.281808577e-02 5.721288176e-02
 5.185079576e-02 4.675962593e-02 4.196729323e-02 3.750148042e-02 3.338935411e-02
 2.965696155e-02 2.632820420e-02 2.342396135e-02 2.096148208e-02 1.895407401e-02
 1.741113143e-02 1.633850344e-02 1.573717965e-02 1.560341383e-02 1.593013344e-02
 1.670942732e-02 1.793386418e-02 1.959868518e-02 2.170457135e-02 2.425973027e-02
 2.728110179e-02 3.079466152e-02 3.483459543e-02 3.944095972e-02 4.465545715e-02
 5.051523632e-02 5.704496612e-02 6.424802542e-02 7.209806147e-02 8.053242414e-02
 8.944878358e-02 9.870608148e-02 1.081302724e-01 1.175248697e-01 1.266852245e-01
 2.596275657e-01 2.548172027e-01 2.481870279e-01 2.410649061e-01 2.340469286e-01
 2.271172181e-01 2.202607170e-01 2.134616599e-01 2.067056298e-01 1.999804750e-01
 1.932766289e-01 1.865870952e-01 1.799072549e-01 1.732347310e-01 1.665692032e-01
 1.599122211e-01 1.532671749e-01 1.466391086e-01 1.400347650e-01 1.334624514e-01
 1.269320249e-01 1.204548329e-01 1.140436828e-01 1.077127531e-01 1.014775224e-01
 9.535467999e-02 8.936199549e-02 8.351818846e-02 7.784271982e-02 7.235560565e-02
 6.707714868e-02 6.202765740e-02 5.722710487e-02 5.269474910e-02 4.844874141e-02
 4.450563158e-02 4.087983628e-02 3.758309965e-02 3.462409045e-02 3.200812262e-02
 2.973704410e-02 2.780925017e-02 2.621975075e-02 2.496065387e-02 2.402221973e-02
 2.339440022e-02 2.306873073e-02 2.304068858e-02 2.331253047e-02 2.389634584e-02
 2.481714541e-02 2.611558605e-02 2.784968170e-02 3.009446336e-02 3.293824565e-02
 3.647443466e-02 4.078876971e-02 4.594369236e-02 5.196293628e-02 5.881983598e-02
 6.643180920e-02 7.466219367e-02 8.332953976e-02 9.222332014e-02 1.011234894e-01
 2.706525028e-01 2.662534118e-01 2.600141167e-01 2.531064004e-01 2.462041899e-01
 2.393212095e-01 2.324663922e-01 2.256449461e-01 2.188587114e-01 2.121071443e-01
 2.053884044e-01 1.987002045e-01 1.920405403e-01 1.854080409e-01 1.788023338e-01
 1.722241938e-01 1.656756327e-01 1.591600180e-01 1.526819616e-01 1.462474838e-01
 1.398638263e-01 1.335394978e-01 1.272841990e-01 1.211087070e-01 1.150248162e-01
 1.090451777e-01 1.031832024e-01 9.745284912e-02 9.186845273e-02 8.644450083e-02
 8.119536561e-02 7.613503559e-02 7.127677275e-02 6.663278487e-02 6.221382135e-02
 5.802879484e-02 5.408432524e-02 5.038436504e-02 4.692983252e-02 4.371832684e-02
 4.074397124e-02 3.799737060e-02 3.546575087e-02 3.313338199e-02 3.098240866e-02
 2.899411414e-02 2.715080327e-02 2.543841765e-02 2.385010665e-02 2.239096907e-02
 2.108412051e-02 1.997805295e-02 1.915464827e-02 1.873596573e-02 1.888599434e-02
 1.980175078e-02 2.168952211e-02 2.472908233e-02 2.903714497e-02 3.464171101e-02
 4.147128016e-02 4.935754275e-02 5.805129184e-02 6.725249442e-02 7.665064189e-02
 2.810696513e-01 2.770828307e-01 2.711405605e-01 2.644129246e-01 2.576026171e-01
 2.507549971e-01 2.439050079e-01 2.370761186e-01 2.302820161e-01 2.235296294e-01
 2.168216407e-01 2.101583406e-01 2.035388723e-01 1.969620809e-01 1.904271245e-01
 1.839337573e-01 1.774826273e-01 1.710754037e-01 1.647148207e-01 1.584047303e-01
 1.521500573e-01 1.459567696e-01 1.398318186e-01 1.337829903e-01 1.278188527e-01
 1.219485961e-01 1.161818467e-01 1.105285287e-01 1.049986370e-01 9.960201383e-02
 9.434808788e-02 8.924560991e-02 8.430232480e-02 7.952464372e-02 7.491728661e-02
 7.048289102e-02 6.622162092e-02 6.213076043e-02 5.820432122e-02 5.443268643e-02
 5.080229047e-02 4.729536921e-02 4.388983178e-02 4.055929554e-02 3.727337159e-02
 3.399836645e-02 3.069852387e-02 2.733819188e-02 2.388537026e-02 2.031734773e-02
 1.662952919e-02 1.284885079e-02 9.053486385e-03 5.399731948e-03 2.152329602e-03
-3.003409947e-04-1.486059555e-03-9.609258123e-04 1.575539514e-03 6.235044188e-03
 1.294302104e-02 2.144393882e-02 3.130845728e-02 4.198337719e-02 5.291063526e-02
 2.913949192e-01 2.878318578e-01 2.820146829e-01 2.753123939e-01 2.684364319e-01
 2.615153491e-01 2.546104342e-01 2.477497682e-01 2.409461737e-01 2.342046648e-01
 2.275260091e-01 2.209087536e-01 2.143503949e-01 2.078481764e-01 2.013996243e-01
 1.950028688e-01 1.886568367e-01 1.823614016e-01 1.761174426e-01 1.699268296e-01
 1.637924239e-01 1.577179804e-01 1.517080963e-01 1.457680538e-01 1.399037167e-01
 1.341213882e-01 1.284275949e-01 1.228289343e-01 1.173318512e-01 1.119424291e-01
 1.066661067e-01 1.015074327e-01 9.646975997e-02 9.155489874e-02 8.676280451e-02
 8.209114520e-02 7.753491777e-02 7.308598611e-02 6.873261557e-02 6.445894393e-02
 6.024446896e-02 5.606343041e-02 5.188423765e-02 4.766882394e-02 4.337201640e-02
 3.894099782e-02 3.431494531e-02 2.942514885e-02 2.419612090e-02 1.854859572e-02
 1.240608512e-02 5.707897973e-03-1.566059349e-03-9.347612970e-03-1.738237403e-02
-2.501781007e-02-3.097890504e-02-3.399178571e-02-3.351332432e-02-2.944273312e-02
-2.188082598e-02-1.113580537e-02 2.088837631e-03 1.643697916e-02 3.048325980e-02
 3.027555645e-01 3.000431210e-01 2.934725135e-01 2.859411388e-01 2.786518186e-01
 2.715107649e-01 2.644922584e-01 2.575846762e-01 2.507795245e-01 2.440690845e-01
 2.374458983e-01 2.309027985e-01 2.244331166e-01 2.180308849e-01 2.116909772e-01
 2.054092884e-01 1.991827339e-01 1.930093542e-01 1.868882254e-01 1.808194816e-01
 1.748042181e-01 1.688444018e-01 1.629427224e-01 1.571024880e-01 1.513274461e-01
 1.456216201e-01 1.399891377e-01 1.344339997e-01 1.289599091e-01 1.235700138e-01
 1.182667054e-01 1.130513325e-01 1.079239175e-01 1.028828696e-01 9.792460500e-02
 9.304319319e-02 8.822990584e-02 8.347272502e-02 7.875579971e-02 7.405876741e-02
 6.935601307e-02 6.461575630e-02 5.979892984e-02 5.485781652e-02 4.973432797e-02
 4.435781950e-02 3.864232451e-02 3.248308974e-02 2.575235537e-02 1.829459892e-02
 9.921939607e-03 4.112641764e-04-1.049462476e-02-2.308140228e-02-3.766775131e-02
-5.472502670e-02-6.927278265e-02-7.664808634e-02-7.809680699e-02-7.426770407e-02
-6.463438275e-02-4.966347666e-02-2.854002362e-02-5.912719978e-03 1.239733119e-02
 3.119760007e-01 3.098113537e-01 3.030708432e-01 2.952079326e-01 2.876750976e-01
 2.803992629e-01 2.733289748e-01 2.664290368e-01 2.596739531e-01 2.530439347e-01
 2.465228960e-01 2.400972992e-01 2.337557078e-01 2.274884879e-01 2.212876305e-01
 2.151466533e-01 2.090605498e-01 2.030256316e-01 1.970394924e-01 1.911008954e-01
 1.852096096e-01 1.793662906e-01 1.735723391e-01 1.678296551e-01 1.621405333e-01
 1.565073878e-01 1.509326398e-01 1.454184204e-01 1.399664506e-01 1.345777959e-01
 1.292526201e-01 1.239900366e-01 1.187877618e-01 1.136419102e-01 1.085466370e-01
 1.034938097e-01 9.847255798e-02 9.346880391e-02 8.846466243e-02 8.343774080e-02
 7.836026698e-02 7.319800180e-02 6.790884958e-02 6.244105099e-02 5.673072858e-02
 5.069852993e-02 4.424493949e-02 3.724348171e-02 2.953086792e-02 2.089251112e-02
 1.104159465e-02-4.095534678e-04-1.398343359e-02-3.036638255e-02-5.041713642e-02
-7.280657438e-02-8.828183636e-02-9.679042178e-02-9.882805494e-02-9.408345449e-02
-8.270361273e-02-6.348247078e-02-3.769621815e-02-1.509536385e-02 3.755294500e-03
 3.187857419e-01 3.169665188e-01 3.103187084e-01 3.025540262e-01 2.950903028e-01
 2.878903001e-01 2.809188813e-01 2.741428316e-01 2.675328404e-01 2.610637993e-01
 2.547144145e-01 2.484667003e-01 2.423055917e-01 2.362185419e-01 2.301951945e-01
 2.242271975e-01 2.183080390e-01 2.124328166e-01 2.065981477e-01 2.008019760e-01
 1.950433776e-01 1.893223897e-01 1.836397573e-01 1.779967398e-01 1.723948643e-01
 1.668356731e-01 1.613205820e-01 1.558505967e-01 1.504261345e-01 1.450468972e-01
 1.397116333e-01 1.344179884e-01 1.291623116e-01 1.239394210e-01 1.187423989e-01
 1.135622561e-01 1.083875820e-01 1.032041274e-01 9.799427538e-02 9.273639695e-02
 8.740407600e-02 8.196510373e-02 7.638023421e-02 7.060151920e-02 6.457009909e-02
 5.821309052e-02 5.143919025e-02 4.413202408e-02 3.613981415e-02 2.725834496e-02
 1.720123181e-02 5.545175387e-03-8.371483316e-03-2.560283802e-02-4.744184390e-02
-6.613615525e-02-7.889017460e-02-8.596863972e-02-8.725501967e-02-8.267051356e-02
-7.075417417e-02-5.042756537e-02-2.890974286e-02-1.047896178e-02 5.513857323e-03
 3.233780414e-01 3.217820674e-01 3.155697584e-01 3.080614955e-01 3.008428216e-01
 2.938930243e-01 2.871777863e-01 2.806623876e-01 2.743147463e-01 2.681068331e-01
 2.620146275e-01 2.560178786e-01 2.500995398e-01 2.442454621e-01 2.384439856e-01
 2.326857373e-01 2.269634456e-01 2.212717235e-01 2.156069428e-01 2.099670097e-01
 2.043511197e-01 1.987595260e-01 1.931932345e-01 1.876536906e-01 1.821424961e-01
 1.766611412e-01 1.712107211e-01 1.657917723e-01 1.604040489e-01 1.550464407e-01
 1.497168466e-01 1.444120779e-01 1.391277611e-01 1.338582635e-01 1.285965145e-01
 1.233338304e-01 1.180596612e-01 1.127612851e-01 1.074234173e-01 1.020277664e-01
 9.655245020e-02 9.097139165e-02 8.525351060e-02 7.936183365e-02 7.325239854e-02
 6.687287985e-02 6.016103180e-02 5.304267068e-02 4.542939922e-02 3.721588104e-02
 2.827673873e-02 1.846186537e-02 7.578183649e-03-4.779053153e-03-1.786657704e-02
-2.836843397e-02-3.611263818e-02-4.069809060e-02-4.205764832e-02-3.959004025e-02
-3.306632116e-02-2.125566079e-02-8.911339115e-03 3.189245108e-03 1.469719269e-02
 3.263523578e-01 3.249649405e-01 3.189075887e-01 3.117471635e-01 3.049339354e-01
 2.984074354e-01 2.921132445e-01 2.860057354e-01 2.800480127e-01 2.742102593e-01
 2.684680075e-01 2.628009766e-01 2.571921051e-01 2.516271025e-01 2.460941449e-01
 2.405837402e-01 2.350886539e-01 2.296038047e-01 2.241261676e-01 2.186545506e-01
 2.131893635e-01 2.077321932e-01 2.022854313e-01 1.968518421e-01 1.914341226e-01
 1.860345602e-01 1.806546822e-01 1.752950996e-01 1.699553356e-01 1.646337733e-01
 1.593277156e-01 1.540333927e-01 1.487460509e-01 1.434600130e-01 1.381686703e-01
 1.328644306e-01 1.275386512e-01 1.221813746e-01 1.167811938e-01 1.113249250e-01
 1.057973765e-01 1.001810841e-01 9.445615485e-02 8.860018851e-02 8.258847521e-02
 7.639459150e-02 6.999180838e-02 6.335594133e-02 5.647101437e-02 4.934062251e-02
 4.201124050e-02 3.462256306e-02 2.752049455e-02 2.147671116e-02 1.711245254e-02
 1.269971159e-02 8.674172655e-03 5.816963996e-03 4.415690870e-03 4.273523547e-03
 4.781685740e-03 7.461919435e-03 1.284566009e-02 1.965624189e-02 2.707343640e-02
 3.270162493e-01 3.257028461e-01 3.200352788e-01 3.134907633e-01 3.073595315e-01
 3.014964759e-01 2.958189249e-01 2.902771682e-01 2.848381400e-01 2.794773728e-01
 2.741750479e-01 2.689141482e-01 2.636797130e-01 2.584584951e-01 2.532392293e-01
 2.480127439e-01 2.427722812e-01 2.375136986e-01 2.322354391e-01 2.269383967e-01
 2.216255739e-01 2.163014859e-01 2.109715641e-01 2.056414187e-01 2.003161907e-01
 1.950000077e-01 1.896955594e-01 1.844039261e-01 1.791244671e-01 1.738549396e-01
 1.685917675e-01 1.633302719e-01 1.580650732e-01 1.527903527e-01 1.475001052e-01
 1.421882361e-01 1.368485615e-01 1.314747408e-01 1.260600910e-01 1.205974817e-01
 1.150792316e-01 1.094971523e-01 1.038427390e-01 9.810768812e-02 9.228474274e-02
 8.636923133e-02 8.036145567e-02 7.427051662e-02 6.812020016e-02 6.195763497e-02
 5.586498042e-02 4.997129555e-02 4.445167445e-02 3.948276865e-02 3.515006974e-02
 3.145047184e-02 2.843794505e-02 2.624266688e-02 2.497786938e-02 2.470693275e-02
 2.550104912e-02 2.746747158e-02 3.060161415e-02 3.470022976e-02 3.947186282e-02
 3.242209554e-01 3.224767446e-01 3.182598501e-01 3.132742196e-01 3.083258718e-01
 3.034143895e-01 2.985380143e-01 2.936934382e-01 2.888756096e-01 2.840773463e-01
 2.792894244e-01 2.745007873e-01 2.696992159e-01 2.648722082e-01 2.600081563e-01
 2.550974786e-01 2.501334399e-01 2.451129183e-01 2.400366217e-01 2.349090204e-01
 2.297377959e-01 2.245329693e-01 2.193056270e-01 2.140666395e-01 2.088255286e-01
 2.035895884e-01 1.983633861e-01 1.931485087e-01 1.879436970e-01 1.827451289e-01
 1.775471121e-01 1.723427921e-01 1.671249792e-01 1.618869155e-01 1.566227824e-01
 1.513280198e-01 1.459993348e-01 1.406345591e-01 1.352323443e-01 1.297919601e-01
 1.243131906e-01 1.187964603e-01 1.132431366e-01 1.076561511e-01 1.020408943e-01
 9.640662745e-02 9.076831864e-02 8.514914662e-02 7.958351076e-02 7.412010803e-02
 6.882409007e-02 6.377611312e-02 5.906583370e-02 5.477968791e-02 5.099026856e-02
 4.775762002e-02 4.513977097e-02 4.319678062e-02 4.198413157e-02 4.154534076e-02
 4.190748186e-02 4.307149911e-02 4.499583134e-02 4.758952375e-02 5.072576926e-02
 3.208564371e-01 3.186808080e-01 3.158252686e-01 3.124191761e-01 3.086700887e-01
 3.047329187e-01 3.006847650e-01 2.965697497e-01 2.924116403e-01 2.882208973e-01
 2.839979380e-01 2.797352820e-01 2.754198909e-01 2.710358650e-01 2.665673941e-01
 2.620012909e-01 2.573288232e-01 2.525470704e-01 2.476596013e-01 2.426765859e-01
 2.376141101e-01 2.324923724e-01 2.273329944e-01 2.221562862e-01 2.169790864e-01
 2.118135095e-01 2.066664919e-01 2.015396729e-01 1.964296848e-01 1.913287863e-01
 1.862261742e-01 1.811096892e-01 1.759676710e-01 1.707904637e-01 1.655714810e-01
 1.603077054e-01 1.549996212e-01 1.496504620e-01 1.442651823e-01 1.388498768e-01
 1.334114447e-01 1.279578507e-01 1.224983595e-01 1.170440540e-01 1.116084605e-01
 1.062083580e-01 1.008648649e-01 9.560457245e-02 9.046070278e-02 8.547383173e-02
 8.069182934e-02 7.616841794e-02 7.196039705e-02 6.812404840e-02 6.471222266e-02
 6.177305058e-02 5.934981816e-02 5.748036692e-02 5.619506167e-02 5.551370046e-02
 5.544186011e-02 5.596704222e-02 5.705581045e-02 5.865394695e-02 6.069076247e-02
 3.195802718e-01 3.174681813e-01 3.150285631e-01 3.122700751e-01 3.092406094e-01
 3.060163856e-01 3.026572317e-01 2.992015034e-01 2.956767380e-01 2.921014577e-01
 2.884789705e-01 2.847972661e-01 2.810317874e-01 2.771520168e-01 2.731287330e-01
 2.689390778e-01 2.645686418e-01 2.600124627e-01 2.552764118e-01 2.503790632e-01
 2.453519255e-01 2.402360886e-01 2.350745872e-01 2.299048677e-01 2.247547507e-01
 2.196420804e-01 2.145757452e-01 2.095564529e-01 2.045765072e-01 1.996195316e-01
 1.946624368e-01 1.896806285e-01 1.846527457e-01 1.795627698e-01 1.744013280e-01
 1.691674441e-01 1.638688520e-01 1.585187018e-01 1.531309634e-01 1.477189511e-01
 1.422960013e-01 1.368764118e-01 1.314758286e-01 1.261114031e-01 1.208019368e-01
 1.155681275e-01 1.104330085e-01 1.054223888e-01 1.005652957e-01 9.589410573e-02
 9.144428372e-02 8.725358544e-02 8.336082847e-02 7.980437576e-02 7.662068680e-02
 7.384302839e-02 7.150043920e-02 6.961650775e-02 6.820804997e-02 6.728348137e-02
 6.684122606e-02 6.686845421e-02 6.734056025e-02 6.822187080e-02 6.946759670e-02
 3.191570789e-01 3.172498345e-01 3.151371032e-01 3.127998561e-01 3.102458566e-01
 3.075193763e-01 3.046682626e-01 3.017410636e-01 2.987820208e-01 2.958141267e-01
 2.928420156e-01 2.898398936e-01 2.867432684e-01 2.834740728e-01 2.799732387e-01
 2.762051225e-01 2.721488476e-01 2.677931487e-01 2.631384283e-01 2.582066357e-01
 2.530565262e-01 2.477843463e-01 2.424883246e-01 2.372347489e-01 2.320588380e-01
 2.269774824e-01 2.219977528e-01 2.171201780e-01 2.123371288e-01 2.076210901e-01
 2.029076591e-01 1.981400326e-01 1.932856813e-01 1.883193627e-01 1.832210049e-01
 1.779842749e-01 1.726409495e-01 1.672412008e-01 1.618081480e-01 1.563563421e-01
 1.509022638e-01 1.454655528e-01 1.400680989e-01 1.347328723e-01 1.294830814e-01
 1.243418492e-01 1.193322912e-01 1.144778691e-01 1.098027453e-01 1.053320095e-01
 1.010916345e-01 9.710819273e-02 9.340826795e-02 9.001769499e-02 8.696070685e-02
 8.425903692e-02 8.193102852e-02 7.999072225e-02 7.844697685e-02 7.730258255e-02
 7.655356453e-02 7.618874683e-02 7.618974521e-02 7.653151452e-02 7.718340308e-02
 3.191292286e-01 3.175776005e-01 3.158436120e-01 3.138778508e-01 3.116768450e-01
 3.092786670e-01 3.067528606e-01 3.041848689e-01 3.016545623e-01 2.992388904e-01
 2.969924808e-01 2.949455976e-01 2.928545326e-01 2.903844118e-01 2.875014245e-01
 2.842063010e-01 2.804903388e-01 2.763304710e-01 2.716894001e-01 2.665219903e-01
 2.608288229e-01 2.549963296e-01 2.493582740e-01 2.439282984e-01 2.386897579e-01
 2.336306498e-01 2.287465781e-01 2.240399569e-01 2.195204869e-01 2.152055949e-01
 2.108643800e-01 2.064029351e-01 2.018102333e-01 1.970378310e-01 1.920440942e-01
 1.867748425e-01 1.812890917e-01 1.757990420e-01 1.702791080e-01 1.647326350e-01
 1.591803208e-01 1.536521837e-01 1.481813192e-01 1.427996233e-01 1.375356838e-01
 1.324143484e-01 1.274573207e-01 1.226841882e-01 1.181133427e-01 1.137626097e-01
 1.096496582e-01 1.057919860e-01 1.022067294e-01 9.891026839e-02 9.591769429e-02
 9.324219451e-02 9.089446066e-02 8.888204025e-02 8.720878884e-02 8.587434515e-02
 8.487378807e-02 8.419750258e-02 8.383120224e-02 8.375633507e-02 8.395067230e-02
 3.193065375e-01 3.184321821e-01 3.172447086e-01 3.156334311e-01 3.136124611e-01
 3.112914860e-01 3.088195324e-01 3.063395471e-01 3.039806336e-01 3.018674999e-01
 3.001255542e-01 2.989707440e-01 2.979246676e-01 2.961396277e-01 2.937841415e-01
 2.909205705e-01 2.875467539e-01 2.836266160e-01 2.790869027e-01 2.737807333e-01
 2.674304843e-01 2.609947771e-01 2.551210225e-01 2.496095374e-01 2.443686277e-01
 2.393616885e-01 2.345801815e-01 2.300314084e-01 2.257330492e-01 2.217023522e-01
 2.176972032e-01 2.135995999e-01 2.093741670e-01 2.049455941e-01 2.002304047e-01
 1.951395199e-01 1.897293031e-01 1.842150316e-01 1.785845831e-01 1.728625447e-01
 1.671012566e-01 1.613643467e-01 1.557115912e-01 1.501904949e-01 1.448350549e-01
 1.396684796e-01 1.347068995e-01 1.299623847e-01 1.254450865e-01 1.211643778e-01
 1.171295009e-01 1.133497097e-01 1.098341942e-01 1.065917499e-01 1.036304124e-01
 1.009570025e-01 9.857665747e-02 9.649240225e-02 9.470473601e-02 9.321133792e-02
 9.200682119e-02 9.108268843e-02 9.042736144e-02 9.002641960e-02 8.986294269e-02
 0.101272815E+01 0.102497214E+01 0.103150028E+01 0.103986126E+01 0.104872704E+01
 0.105774832E+01 0.106713462E+01 0.107815379E+01 0.108800572E+01 0.109794223E+01
 0.110816026E+01 0.111855841E+01 0.112953842E+01 0.114081103E+01 0.115241206E+01
 0.116406482E+01 0.117619705E+01 0.118888301E+01 0.120178294E+01 0.121497607E+01
 0.122857392E+01 0.124254704E+01 0.125708699E+01 0.127202255E+01 0.128729373E+01
 0.130308199E+01 0.131939936E+01 0.133626670E+01 0.135368520E+01 0.137164444E+01
 0.139021373E+01 0.140940285E+01 0.142929453E+01 0.144993454E+01 0.147131038E+01
 0.149347717E+01 0.151648998E+01 0.154041934E+01 0.156530488E+01 0.159120852E+01
 0.161821282E+01 0.164642638E+01 0.167589474E+01 0.170670623E+01 0.173892766E+01
 0.177272439E+01 0.180830389E+01 0.184575862E+01 0.188524222E+01 0.192697096E+01
 0.197091120E+01 0.201776552E+01 0.206788993E+01 0.212130094E+01 0.217830086E+01
 0.223977113E+01 0.230642271E+01 0.237917030E+01 0.245941973E+01 0.254776859E+01
 0.264820635E+01 0.276548707E+01 0.290873480E+01 0.310314083E+01 0.389515305E+01
   76   87
 0.117340916E+01-0.500000007E-01 0.117619532E+01 0.500000007E-01 0.118565571E+01
 0.103299256E+00 0.121187496E+01 0.189980052E+00 0.123748124E+01 0.249747090E+00
 0.126415014E+01 0.299718633E+00 0.129156256E+01 0.343735605E+00 0.131812501E+01
 0.381782055E+00 0.134468746E+01 0.416504040E+00 0.137264597E+01 0.449999988E+00
 0.141927844E+01 0.500000000E+00 0.145093751E+01 0.530665636E+00 0.147749996E+01
 0.554345667E+00 0.153062499E+01 0.597245395E+00 0.155718756E+01 0.616872668E+00
 0.160838544E+01 0.649999976E+00 0.163687503E+01 0.667159349E+00 0.169000006E+01
 0.694226831E+00 0.171656251E+01 0.706138581E+00 0.176968753E+01 0.726838976E+00
 0.182281256E+01 0.741920024E+00 0.186664414E+01 0.750000000E+00 0.190250003E+01
 0.754635632E+00 0.195562506E+01 0.754425228E+00 0.198491168E+01 0.749490827E+00
 0.203531241E+01 0.731055170E+00 0.207127380E+01 0.699999988E+00 0.210714459E+01
 0.649999976E+00 0.213206613E+01 0.600000024E+00 0.215245771E+01 0.550000012E+00
 0.217064428E+01 0.500000000E+00 0.219468760E+01 0.428876966E+00 0.221920192E+01
 0.349999994E+00 0.223423326E+01 0.300000012E+00 0.224844515E+01 0.250000000E+00
 0.227210224E+01 0.150000006E+00 0.228024495E+01 0.100000001E+00 0.228627050E+01
 0.000000000E+00 0.227774513E+01-0.100000001E+00 0.226890421E+01-0.150000006E+00
 0.224781251E+01-0.240262680E+00 0.223217857E+01-0.300000012E+00 0.221888459E+01
-0.349999994E+00 0.219468760E+01-0.444777340E+00 0.218112576E+01-0.500000000E+00
 0.216812491E+01-0.558783352E+00 0.214826000E+01-0.649999976E+00 0.213837934E+01
-0.699999988E+00 0.212100685E+01-0.801487535E+00 0.211315370E+01-0.852975070E+00
 0.207515633E+01-0.848319739E+00 0.203531253E+01-0.842447311E+00 0.198218751E+01
-0.832870841E+00 0.192906255E+01-0.820627421E+00 0.188128102E+01-0.806968868E+00
 0.184097028E+01-0.793998539E+00 0.179625005E+01-0.777676255E+00 0.175150043E+01
-0.758652836E+00 0.171150410E+01-0.739496291E+00 0.166492420E+01-0.714533866E+00
 0.162509841E+01-0.691012025E+00 0.158723521E+01-0.665968240E+00 0.154753703E+01
-0.637595356E+00 0.151524955E+01-0.612437397E+00 0.147565919E+01-0.578321397E+00
 0.143765628E+01-0.543421596E+00 0.140955180E+01-0.515031367E+00 0.137333071E+01
-0.474999995E+00 0.133511585E+01-0.428807125E+00 0.130484378E+01-0.387791246E+00
 0.127828127E+01-0.347461373E+00 0.125171876E+01-0.301683068E+00 0.122515625E+01
-0.247158326E+00 0.120029831E+01-0.182097941E+00 0.118445593E+01-0.125000003E+00
 0.117630446E+01-0.750000002E-01
 0.101730001E+01 0.000000000E+00 0.101932001E+01 0.111591995E+01 0.101127005E+01
 0.116271996E+01 0.100224996E+01 0.121238995E+01 0.102639997E+01 0.121238995E+01
 0.103497005E+01 0.116392004E+01 0.103842998E+01 0.116235995E+01 0.106122005E+01
 0.116356003E+01 0.109895003E+01 0.116589999E+01 0.113813996E+01 0.116823995E+01
 0.116191995E+01 0.117446005E+01 0.119008005E+01 0.118699002E+01 0.121012998E+01
 0.120185006E+01 0.123081994E+01 0.122499001E+01 0.123939002E+01 0.123863995E+01
 0.126108003E+01 0.128634000E+01 0.128076005E+01 0.133403003E+01 0.128076005E+01
 0.134810996E+01 0.133062005E+01 0.134810996E+01 0.141947997E+01 0.134748995E+01
 0.141947997E+01 0.131036997E+01 0.137993002E+01 0.131093001E+01 0.137410998E+01
 0.130689001E+01 0.136740994E+01 0.126408994E+01 0.136789000E+01 0.122646999E+01
 0.137232995E+01 0.119475996E+01 0.138840997E+01 0.116448998E+01 0.140222001E+01
 0.115728998E+01 0.141559005E+01 0.115646994E+01 0.142587996E+01 0.116276002E+01
 0.144700003E+01 0.118200004E+01 0.148800004E+01 0.121899998E+01 0.149600005E+01
 0.122800004E+01 0.149109995E+01 0.121349001E+01 0.149501002E+01 0.116171002E+01
 0.147765005E+01 0.112226999E+01 0.148169005E+01 0.111591995E+01 0.149105000E+01
 0.111275005E+01 0.152942002E+01 0.110483003E+01 0.160203004E+01 0.109308004E+01
 0.164134002E+01 0.107020998E+01 0.164687002E+01 0.107845998E+01 0.178340006E+01
 0.107209003E+01 0.204518008E+01 0.103909004E+01 0.205605006E+01 0.104322004E+01
 0.210643005E+01 0.999729991E+00 0.208569002E+01 0.869270027E+00 0.222220993E+01
 0.519110024E+00 0.224294996E+01 0.448630005E+00 0.230183005E+01 0.280680001E+00
 0.231151009E+01 0.279680014E+00 0.233364010E+01 0.219329998E+00 0.234012008E+01
 0.219870001E+00 0.234645009E+01 0.198670000E+00 0.234827995E+01 0.632900000E-01
 0.235109997E+01 0.420800000E-01 0.234827995E+01-0.254779994E+00 0.234645009E+01
-0.272720009E+00 0.234461999E+01-0.410820007E+00 0.235109997E+01-0.420599997E+00
 0.227828002E+01-0.593429983E+00 0.223841000E+01-0.688269973E+00 0.223594999E+01
-0.694119990E+00 0.219540000E+01-0.790600002E+00 0.219392991E+01-0.794110000E+00
 0.215665007E+01-0.882770002E+00 0.215165997E+01-0.884549975E+00 0.192442000E+01
-0.101282001E+01 0.191968000E+01-0.101691997E+01 0.178656006E+01-0.116066003E+01
 0.177983999E+01-0.116922998E+01 0.174579000E+01-0.124380004E+01 0.164520001E+01
-0.124479997E+01 0.140117002E+01-0.124477005E+01 0.138558996E+01-0.124820995E+01
 0.137489998E+01-0.125832999E+01 0.136953998E+01-0.126941001E+01 0.136824000E+01
-0.127555001E+01 0.136860001E+01-0.132246995E+01 0.137256002E+01-0.132470000E+01
 0.142770004E+01-0.132470000E+01 0.142770004E+01-0.135782003E+01 0.116450000E+01
-0.135894001E+01 0.101627004E+01-0.121800005E+01 0.101750004E+01-0.121700001E+01
 0.101730001E+01-0.100000005E-02 0.101730001E+01 0.000000000E+00
    0 0.169550002E+01    0
 0.000000000E+00 0.990566462E-01 0.140686966E+00 0.172771715E+00 0.199986763E+00
 0.224164307E+00 0.246154703E+00 0.264853746E+00 0.284025922E+00 0.302300289E+00
 0.319548905E+00 0.336029038E+00 0.352044553E+00 0.367430240E+00 0.382329866E+00
 0.396820113E+00 0.410949111E+00 0.424771473E+00 0.438304067E+00 0.451545358E+00
 0.464546606E+00 0.477352858E+00 0.489967749E+00 0.502413243E+00 0.514718145E+00
 0.526831716E+00 0.538827389E+00 0.550739020E+00 0.562543958E+00 0.574256331E+00
 0.585871220E+00 0.597410291E+00 0.608894557E+00 0.620345414E+00 0.631739736E+00
 0.643091321E+00 0.654419482E+00 0.665718794E+00 0.677013665E+00 0.688307524E+00
 0.699598640E+00 0.710899860E+00 0.722222239E+00 0.733573407E+00 0.744942367E+00
 0.756363034E+00 0.767840534E+00 0.779376596E+00 0.790982872E+00 0.802671254E+00
 0.814412892E+00 0.826283157E+00 0.838296443E+00 0.850419670E+00 0.862650037E+00
 0.875059932E+00 0.887654543E+00 0.900455028E+00 0.913513869E+00 0.926761091E+00
 0.940331280E+00 0.954311252E+00 0.968724340E+00 0.983712226E+00 0.100000000E+01
    0
